ID=100100
100100
0
0
1
3
99
0
0
0
0
0
0
16
0
0
0
0
2.25
0
0
0
0

ID=100200
100200
0
0
2
3
99
0
0
0
0
0
0
23
0
0
0
0
4
0
0
0
0

ID=100300
100300
0
0
3
3
99
0
0
0
0
0
0
16
0
0
0
0
1.5
0
0
0
0

ID=100401
100401
0
1
4
3
99
0
0
0
0
0
0
23
0
0
0
0
4
0
0
0
0

ID=100402
100402
0
2
4
3
99
0
0
0
0
0
0
23
0
0
0
0
4
0
0
0
0

ID=100403
100403
0
3
4
3
99
0
0
0
0
0
0
23
0
0
0
0
4
0
0
0
0

ID=100404
100404
0
4
4
3
99
0
0
0
0
0
0
23
0
0
0
0
4
0
0
0
0

ID=100405
100405
0
5
4
3
99
0
0
0
0
0
0
23
0
0
0
0
4
0
0
0
0

ID=100406
100406
0
6
4
3
99
0
0
0
0
0
0
23
0
0
0
0
4
0
0
0
0

ID=100500
100500
0
0
5
3
99
0
0
0
0
0
0
16
23
0
0
0
2.25
-4
0
0
0

ID=100601
100601
0
1
6
3
99
0
0
0
0
0
0
23
16
0
0
0
5
-1.5
0
0
0

ID=100602
100602
0
2
6
3
99
0
0
0
0
0
0
23
16
0
0
0
5
-1.5
0
0
0

ID=100603
100603
0
3
6
3
99
0
0
0
0
0
0
23
16
0
0
0
5
-1.5
0
0
0

ID=100604
100604
0
4
6
3
99
0
0
0
0
0
0
23
16
0
0
0
5
-1.5
0
0
0

ID=100605
100605
0
5
6
3
99
0
0
0
0
0
0
23
16
0
0
0
5
-1.5
0
0
0

ID=100606
100606
0
6
6
3
99
0
0
0
0
0
0
23
16
0
0
0
5
-1.5
0
0
0

ID=100700
100700
0
0
7
3
99
0
0
0
0
0
0
16
0
0
0
0
2.25
0
0
0
0

ID=100800
100800
0
0
8
3
99
0
0
0
0
0
0
23
0
0
0
0
5
0
0
0
0

ID=100910
100910
0
0
9
2
4000101
0
0
0
0
0
0
16
100
0
0
0
3.75
2
0
0
0

ID=100920
100920
0
0
10
2
4000104
0
0
0
0
0
0
16
100
0
0
0
4.5
2
0
0
0

ID=100930
100930
0
0
11
2
4000108
0
0
0
0
0
0
16
100
116
0
0
5.25
2
5.25
0
0

ID=101010
101010
0
0
12
2
4000201
0
0
0
0
0
0
16
60
0
0
0
3
21
0
0
0

ID=101020
101020
0
0
13
2
4000204
0
0
0
0
0
0
16
60
0
0
0
3.75
27
0
0
0

ID=101030
101030
0
0
14
2
4000206
0
0
0
0
0
0
16
60
0
0
0
4.5
32
0
0
0

ID=101040
101040
0
0
15
2
4000208
0
0
0
0
0
0
16
60
55
0
0
5.25
37
2
0
0

ID=101110
101110
0
0
16
2
4000301
0
0
0
0
0
0
34
116
0
0
0
2.25
3.75
0
0
0

ID=101120
101120
0
0
17
2
4000304
0
0
0
0
0
0
34
116
0
0
0
2.7
4.5
0
0
0

ID=101130
101130
0
0
18
2
4000308
0
0
0
0
0
0
34
116
115
0
0
3.15
5.25
5.25
0
0

ID=101210
101210
0
0
19
2
4000401
0
0
0
0
0
0
16
34
121
0
0
9.75
-1.35
39.6
0
0

ID=101220
101220
0
0
20
2
4000404
0
0
0
0
0
0
16
34
121
0
0
10.5
-1.35
42.9
0
0

ID=101230
101230
0
0
21
2
4000406
0
0
0
0
0
0
16
34
121
23
0
11.25
-1.35
46.2
10
0

ID=101240
101240
0
0
22
2
4000408
0
0
0
0
0
0
16
34
121
23
100
12
-1.35
49.5
11
2

ID=101310
101310
0
0
23
2
4000501
0
0
0
0
0
0
34
103
0
0
0
2.7
2
0
0
0

ID=101320
101320
0
0
24
2
4000504
0
0
0
0
0
0
34
103
104
0
0
3.15
2.5
2.5
0
0

ID=101330
101330
0
0
25
2
4000506
0
0
0
0
0
0
34
103
104
115
0
4.5
3
3
7.5
0

ID=101340
101340
0
0
26
2
4000508
0
0
0
0
0
0
34
103
104
115
60
5.4
3.5
3.5
9
64

ID=101410
101410
0
0
27
2
4000601
0
0
0
0
0
0
32
60
0
0
0
3.5
21
0
0
0

ID=101420
101420
0
0
28
2
4000604
0
0
0
0
0
0
32
60
0
0
0
4
27
0
0
0

ID=101430
101430
0
0
29
2
4000606
0
0
0
0
0
0
32
60
0
0
0
5
32
0
0
0

ID=101440
101440
0
0
30
2
4000608
0
0
0
0
0
0
32
60
100
0
0
5
37
2
0
0

ID=101510
101510
0
0
31
2
4000701
0
0
0
0
0
0
34
103
0
0
0
1.8
1.5
0
0
0

ID=101520
101520
0
0
32
2
4000704
0
0
0
0
0
0
34
103
0
0
0
2.25
2
0
0
0

ID=101530
101530
0
0
33
2
4000706
0
0
0
0
0
0
34
103
0
0
0
2.7
2
0
0
0

ID=101540
101540
0
0
34
2
4000708
0
0
0
0
0
0
34
103
64
0
0
3.15
2.5
2
0
0

ID=101610
101610
0
0
35
2
4000801
0
0
0
0
0
0
38
46
0
0
0
1.8
1.5
0
0
0

ID=101620
101620
0
0
36
2
4000804
0
0
0
0
0
0
38
46
0
0
0
2.25
2
0
0
0

ID=101630
101630
0
0
37
2
4000806
0
0
0
0
0
0
38
46
0
0
0
2.7
2
0
0
0

ID=101640
101640
0
0
38
2
4000808
0
0
0
0
0
0
38
46
60
0
0
3.15
2.5
37
0
0

ID=101710
101710
0
0
39
2
4000901
0
0
0
0
0
0
34
50
0
0
0
1.8
258
0
0
0

ID=101720
101720
0
0
40
2
4000904
0
0
0
0
0
0
34
50
0
0
0
2.25
323
0
0
0

ID=101730
101730
0
0
41
2
4000906
0
0
0
0
0
0
34
50
0
0
0
2.7
387
0
0
0

ID=101740
101740
0
0
42
2
4000908
0
0
0
0
0
0
34
50
55
0
0
3.15
452
2
0
0

ID=101810
101810
0
0
43
2
4001001
0
0
0
0
0
0
34
104
113
0
0
3.15
2.5
2.5
0
0

ID=101820
101820
0
0
44
2
4001004
0
0
0
0
0
0
34
104
113
0
0
3.6
2.5
2.5
0
0

ID=101830
101830
0
0
45
2
4001006
0
0
0
0
0
0
34
104
113
46
0
4.5
3
3
2
0

ID=101840
101840
0
0
46
2
4001008
0
0
0
0
0
0
34
104
113
46
50
5.4
3.5
3.5
3.5
774

ID=101910
101910
0
0
47
2
4001101
0
0
0
0
0
0
34
32
50
113
0
6.75
-3.5
968
4.5
0

ID=101920
101920
0
0
48
2
4001104
0
0
0
0
0
0
34
32
50
113
0
7.65
-3.5
1097
5
0

ID=101930
101930
0
0
49
2
4001106
0
0
0
0
0
0
34
32
50
113
0
8.55
-3.5
1226
5
0

ID=101940
101940
0
0
50
2
4001108
0
0
0
0
0
0
34
32
50
113
44
9
-3
1290
5
3

ID=102010
102010
0
0
51
2
4001301
0
0
0
0
0
0
32
127
0
0
0
2
1
0
0
0

ID=102020
102020
0
0
52
2
4001304
0
0
0
0
0
0
32
127
0
0
0
2.5
1.5
0
0
0

ID=102030
102030
0
0
53
2
4001306
0
0
0
0
0
0
32
127
0
0
0
3
2
0
0
0

ID=102040
102040
0
0
54
2
4001308
0
0
0
0
0
0
32
127
0
0
0
3.5
2.5
0
0
0

ID=102110
102110
0
0
55
2
4001201
0
0
0
0
0
0
32
126
0
0
0
2
1
0
0
0

ID=102120
102120
0
0
56
2
4001204
0
0
0
0
0
0
32
126
0
0
0
2.5
1.5
0
0
0

ID=102130
102130
0
0
57
2
4001206
0
0
0
0
0
0
32
126
0
0
0
3
2
0
0
0

ID=102140
102140
0
0
58
2
4001208
0
0
0
0
0
0
32
126
0
0
0
3.5
2.5
0
0
0

ID=102210
102210
0
0
59
2
4001401
0
0
0
0
0
0
32
128
0
0
0
2.5
1
0
0
0

ID=102220
102220
0
0
60
2
4001404
0
0
0
0
0
0
32
128
0
0
0
3
1.5
0
0
0

ID=102230
102230
0
0
61
2
4001406
0
0
0
0
0
0
32
128
0
0
0
3.5
2
0
0
0

ID=102240
102240
0
0
62
2
4001408
0
0
0
0
0
0
32
128
129
0
0
5
2.5
2.5
0
0

ID=102310
102310
0
0
63
2
4001501
0
0
0
0
0
0
32
129
0
0
0
2.5
1
0
0
0

ID=102320
102320
0
0
64
2
4001504
0
0
0
0
0
0
32
129
0
0
0
3
1.5
0
0
0

ID=102330
102330
0
0
65
2
4001506
0
0
0
0
0
0
32
129
0
0
0
3.5
2
0
0
0

ID=102340
102340
0
0
66
2
4001508
0
0
0
0
0
0
32
129
128
0
0
5
2.5
2.5
0
0

ID=102410
102410
0
0
67
2
4001601
0
0
0
0
0
0
32
131
0
0
0
2.5
1
0
0
0

ID=102420
102420
0
0
68
2
4001604
0
0
0
0
0
0
32
131
0
0
0
3
1.5
0
0
0

ID=102430
102430
0
0
69
2
4001606
0
0
0
0
0
0
32
131
0
0
0
3.5
2
0
0
0

ID=102440
102440
0
0
70
2
4001608
0
0
0
0
0
0
32
131
132
0
0
5
2.5
2.5
0
0

ID=102510
102510
0
0
71
2
4001701
0
0
0
0
0
0
23
38
132
0
0
11
-2.7
4.5
0
0

ID=102520
102520
0
0
72
2
4001704
0
0
0
0
0
0
23
38
132
60
0
11
-2.25
4.5
70
0

ID=102530
102530
0
0
73
2
4001706
0
0
0
0
0
0
23
38
132
60
0
12
-1.8
5
80
0

ID=102540
102540
0
0
74
2
4001708
0
0
0
0
0
0
23
38
132
60
114
12
-1.8
5
91
3

ID=102610
102610
0
0
75
2
4001801
0
0
0
0
0
0
16
113
0
0
0
1.5
1
0
0
0

ID=102620
102620
0
0
76
2
4001804
0
0
0
0
0
0
16
113
0
0
0
2.25
1.5
0
0
0

ID=102630
102630
0
0
77
2
4001806
0
0
0
0
0
0
16
113
0
0
0
3
2
0
0
0

ID=102640
102640
0
0
78
2
4001808
0
0
0
0
0
0
16
113
0
0
0
3.75
2.5
0
0
0

ID=102710
102710
0
0
79
2
4001901
0
0
0
0
0
0
32
114
0
0
0
2.5
3
0
0
0

ID=102720
102720
0
0
80
2
4001904
0
0
0
0
0
0
32
114
0
0
0
3
3
0
0
0

ID=102730
102730
0
0
81
2
4001906
0
0
0
0
0
0
32
114
0
0
0
3.5
3
0
0
0

ID=102740
102740
0
0
82
2
4001908
0
0
0
0
0
0
32
114
0
0
0
4
3
0
0
0

ID=102810
102810
0
0
83
2
4002001
0
0
0
0
0
0
23
100
0
0
0
5
2
0
0
0

ID=102820
102820
0
0
84
2
4002004
0
0
0
0
0
0
23
100
0
0
0
6
2
0
0
0

ID=102830
102830
0
0
85
2
4002006
0
0
0
0
0
0
23
100
64
0
0
7
2
2
0
0

ID=102840
102840
0
0
86
2
4002008
0
0
0
0
0
0
23
100
64
41
0
8
2
2
47
0

ID=102910
102910
0
0
87
2
4002101
0
0
0
0
0
0
16
114
0
0
0
3
3
0
0
0

ID=102920
102920
0
0
88
2
4002104
0
0
0
0
0
0
16
114
115
0
0
5.25
3
5.25
0
0

ID=102930
102930
0
0
89
2
4002108
0
0
0
0
0
0
16
114
115
64
0
7.5
3
7.5
2
0

ID=103010
103010
0
0
90
2
4002201
0
0
0
0
0
0
32
34
41
0
0
5
-1.35
56.4
0
0

ID=103020
103020
0
0
91
2
4002204
0
0
0
0
0
0
32
34
41
100
0
5
-1.35
61.1
2
0

ID=103030
103030
0
0
92
2
4002206
0
0
0
0
0
0
32
34
41
100
0
5
-1.35
65.8
2
0

ID=103040
103040
0
0
93
2
4002208
0
0
0
0
0
0
32
34
41
100
60
5
-1.35
70.5
2
107

ID=103110
103110
0
0
94
2
4002301
0
0
0
0
0
0
34
41
121
0
0
4.05
42.3
29.7
0
0

ID=103120
103120
0
0
95
2
4002304
0
0
0
0
0
0
34
41
121
50
0
4.5
47
33
645
0

ID=103130
103130
0
0
96
2
4002306
0
0
0
0
0
0
34
41
121
50
0
4.95
51.7
36.3
710
0

ID=103140
103140
0
0
97
2
4002308
0
0
0
0
0
0
34
41
121
50
32
5.4
56.4
39.6
774
5

ID=103210
103210
0
0
98
2
4002401
0
0
0
0
0
0
38
31
64
0
0
5.85
-5
2
0
0

ID=103220
103220
0
0
99
2
4002404
0
0
0
0
0
0
38
31
64
55
0
6.3
-5
2
3
0

ID=103230
103230
0
0
100
2
4002406
0
0
0
0
0
0
38
31
64
55
0
6.75
-5
2
3
0

ID=103240
103240
0
0
101
2
4002408
0
0
0
0
0
0
38
31
64
55
46
7.2
-5
2
3
5

ID=103310
103310
0
0
102
2
4002501
0
0
0
0
0
0
16
116
0
0
0
3
3
0
0
0

ID=103320
103320
0
0
103
2
4002504
0
0
0
0
0
0
16
116
117
0
0
5.25
5.25
3
0
0

ID=103330
103330
0
0
104
2
4002506
0
0
0
0
0
0
16
116
117
64
0
7.5
7.5
3
2
0

ID=103340
103340
0
0
105
2
4002508
0
0
0
0
0
0
16
116
117
64
114
9
9
3
2
3

ID=103410
103410
0
0
106
2
4002601
0
0
0
0
0
0
16
117
0
0
0
4.5
3
0
0
0

ID=103420
103420
0
0
107
2
4002604
0
0
0
0
0
0
16
117
0
0
0
5.25
3
0
0
0

ID=103430
103430
0
0
108
2
4002606
0
0
0
0
0
0
16
117
113
0
0
6
3
2.5
0
0

ID=103440
103440
0
0
109
2
4002608
0
0
0
0
0
0
16
117
113
0
0
6.75
3
3
0
0

ID=103610
103610
0
0
110
2
4002801
0
0
0
0
0
0
34
16
133
44
0
7.65
-6.75
5
5
0

ID=103620
103620
0
0
111
2
4002804
0
0
0
0
0
0
34
16
133
44
0
8.1
-6
5
5
0

ID=103630
103630
0
0
112
2
4002806
0
0
0
0
0
0
34
16
133
44
104
8.55
-5.25
5
5
5

ID=103640
103640
0
0
113
2
4002808
0
0
0
0
0
0
34
16
133
44
104
9
-4.5
5
5
5

ID=103710
103710
0
0
114
2
4003001
0
0
0
0
0
0
32
0
0
0
0
2
0
0
0
0

ID=103720
103720
0
0
115
2
4003004
0
0
0
0
0
0
32
0
0
0
0
2.5
0
0
0
0

ID=103730
103730
0
0
116
2
4003006
0
0
0
0
0
0
32
34
0
0
0
2
1.35
0
0
0

ID=103740
103740
0
0
117
2
4003008
0
0
0
0
0
0
32
34
0
0
0
2.5
1.35
0
0
0

ID=103810
103810
0
0
118
2
4003101
0
0
0
0
0
0
31
60
0
0
0
5
32
0
0
0

ID=103820
103820
0
0
119
2
4003105
0
0
0
0
0
0
31
60
0
0
0
5
43
0
0
0

ID=103910
103910
0
0
120
2
4003201
0
0
0
0
0
0
34
116
0
0
0
2.7
4.5
0
0
0

ID=103920
103920
0
0
121
2
4003204
0
0
0
0
0
0
34
116
0
0
0
3.6
6
0
0
0

ID=103930
103930
0
0
122
2
4003206
0
0
0
0
0
0
34
116
100
0
0
4.5
7.5
2
0
0

ID=103940
103940
0
0
123
2
4003208
0
0
0
0
0
0
34
116
100
0
0
5.4
9
2
0
0

ID=104010
104010
0
0
124
2
4003301
0
0
0
0
0
0
38
60
0
0
0
2.7
32
0
0
0

ID=104020
104020
0
0
125
2
4003305
0
0
0
0
0
0
38
60
0
0
0
3.6
43
0
0
0

ID=104110
104110
0
0
126
2
4003401
0
0
0
0
0
0
16
114
0
0
0
2.25
3
0
0
0

ID=104120
104120
0
0
127
2
4003404
0
0
0
0
0
0
16
114
0
0
0
3
3
0
0
0

ID=104130
104130
0
0
128
2
4003406
0
0
0
0
0
0
16
114
0
0
0
3.75
3
0
0
0

ID=104140
104140
0
0
129
2
4003408
0
0
0
0
0
0
16
114
0
0
0
4.5
3
0
0
0

ID=104210
104210
0
0
130
2
4003501
0
0
0
0
0
0
16
38
44
0
0
5.25
3.15
2.5
0
0

ID=104220
104220
0
0
131
2
4003504
0
0
0
0
0
0
16
38
44
0
0
6.75
4.05
2.5
0
0

ID=104230
104230
0
0
132
2
4003506
0
0
0
0
0
0
16
38
44
0
0
6.75
4.05
3
0
0

ID=104240
104240
0
0
133
2
4003508
0
0
0
0
0
0
16
38
44
0
0
8.25
4.95
3.5
0
0

ID=104310
104310
0
0
134
2
4004401
0
0
0
0
0
0
31
32
116
0
0
5
5
9
0
0

ID=104410
104410
0
0
135
2
4004501
0
0
0
0
0
0
23
41
0
0
0
6
28.2
0
0
0

ID=104510
104510
0
0
136
2
4004601
0
0
0
0
0
0
23
60
0
0
0
6
32
0
0
0

ID=104610
104610
0
0
137
2
4004701
0
0
0
0
0
0
16
38
64
55
0
9.75
5.85
2
3
0

ID=104710
104710
0
0
138
2
4004801
0
0
0
0
0
0
16
31
0
0
0
4.5
5
0
0
0

ID=104810
104810
0
0
139
2
4004901
0
0
0
0
0
0
16
0
0
0
0
3.75
0
0
0
0

ID=104910
104910
0
0
140
2
4005001
0
0
0
0
0
0
16
0
0
0
0
3.75
0
0
0
0

ID=105010
105010
0
0
141
2
4005101
0
0
0
0
0
0
16
0
0
0
0
3.75
0
0
0
0

ID=105110
105110
0
0
142
2
4005201
0
0
0
0
0
0
16
0
0
0
0
3.75
0
0
0
0

ID=105210
105210
0
0
143
2
4005301
0
0
0
0
0
0
16
0
0
0
0
3.75
0
0
0
0

ID=105310
105310
0
0
144
2
4005401
0
0
0
0
0
0
32
38
113
0
0
5
4.5
3
0
0

ID=105410
105410
0
0
145
2
4005501
0
0
0
0
0
0
32
38
113
46
0
5
4.5
3
3
0

ID=105510
105510
0
0
146
2
4005601
0
0
0
0
0
0
32
38
113
46
0
5
5.4
3.5
3.5
0

ID=105610
105610
0
0
147
6
31301901
0
0
0
0
0
0
32
117
127
0
0
5
3
3.5
0
0

ID=105710
105710
0
0
148
6
31302901
0
0
0
0
0
0
32
117
126
0
0
5
3
3.5
0
0

ID=105810
105810
0
0
149
6
31303901
0
0
0
0
0
0
32
117
129
0
0
5
3
3.5
0
0

ID=105910
105910
0
0
150
6
31304901
0
0
0
0
0
0
32
117
131
0
0
5
3
3.5
0
0

ID=106010
106010
0
0
151
3
55
0
0
0
0
0
0
32
117
133
0
0
5
3
3.5
0
0

ID=106110
106110
0
0
152
2
4006201
0
0
0
0
0
0
38
0
0
0
0
2.25
0
0
0
0

ID=106210
106210
0
0
153
2
4006301
0
0
0
0
0
0
34
117
0
0
0
3.15
3
0
0
0

ID=106310
106310
0
0
154
2
4006304
0
0
0
0
0
0
34
117
0
0
0
3.6
3
0
0
0

ID=106410
106410
0
0
155
2
4006306
0
0
0
0
0
0
34
117
0
0
0
4.05
3
0
0
0

ID=106510
106510
0
0
156
2
4006408
0
0
0
0
0
0
34
117
0
0
0
4.5
3
0
0
0

ID=106610
106610
0
0
157
2
4006401
0
0
0
0
0
0
38
117
0
0
0
3.15
3
0
0
0

ID=106710
106710
0
0
158
2
4006404
0
0
0
0
0
0
38
117
0
0
0
3.6
3
0
0
0

ID=106810
106810
0
0
159
2
4006406
0
0
0
0
0
0
38
117
0
0
0
4.05
3
0
0
0

ID=106910
106910
0
0
160
2
4006408
0
0
0
0
0
0
38
117
0
0
0
4.5
3
0
0
0

ID=107010
107010
0
0
161
2
4006501
0
0
0
0
0
0
32
116
0
0
0
4
3
0
0
0

ID=107110
107110
0
0
162
2
4006601
0
0
0
0
0
0
32
100
0
0
0
4
2
0
0
0

ID=107210
107210
0
0
163
2
4006701
0
0
0
0
0
0
31
116
0
0
0
5
3
0
0
0

ID=107310
107310
0
0
164
2
4006704
0
0
0
0
0
0
31
116
0
0
0
5
3.75
0
0
0

ID=107410
107410
0
0
165
2
4006706
0
0
0
0
0
0
31
116
0
0
0
5
4.5
0
0
0

ID=107510
107510
0
0
166
2
4006708
0
0
0
0
0
0
31
116
0
0
0
5
5.25
0
0
0

ID=107610
107610
0
0
167
2
4006801
0
0
0
0
0
0
32
117
0
0
0
5
3
0
0
0

ID=107710
107710
0
0
168
2
4006901
0
0
0
0
0
0
34
104
113
46
0
4.5
3
3
2
0

ID=107810
107810
0
0
169
2
4007001
0
0
0
0
0
0
32
117
104
0
0
5
3
3.5
0
0

ID=107910
107910
0
0
170
9
0
0
0
0
0
0
0
0
0
0
0
0
0
0
0
0
0

ID=108010
108010
0
0
243
10
5
0
0
0
0
0
0
64
44
114
133
0
1
2.5
1.5
2.5
0

ID=108020
108020
0
0
244
10
6
0
0
0
0
0
0
64
44
114
133
0
1.5
3
2
3
0

ID=108030
108030
0
0
245
10
7
0
0
0
0
0
0
64
44
114
133
0
2
3.5
2.5
3.5
0

ID=108040
108040
0
0
246
10
8
0
0
0
0
0
0
64
44
114
133
0
2.5
4
3
4
0

ID=100010
100010
0
0
200
9
0
1
0
0
0
0
0
0
0
0
0
0
0
0
0
0
0

ID=100020
100020
0
0
210
9
0
1
0
0
0
0
0
0
0
0
0
0
0
0
0
0
0

ID=100030
100030
0
0
201
9
0
1
0
0
0
0
0
0
0
0
0
0
0
0
0
0
0

ID=100040
100040
0
0
202
9
0
1
0
0
0
0
0
0
0
0
0
0
0
0
0
0
0

ID=100050
100050
0
0
203
9
0
1
0
0
0
0
0
0
0
0
0
0
0
0
0
0
0

ID=100060
100060
0
0
204
9
0
1
0
0
0
0
0
0
0
0
0
0
0
0
0
0
0

ID=100070
100070
0
0
205
9
0
1
0
0
0
0
0
0
0
0
0
0
0
0
0
0
0

ID=10005
10005
0
0
211
9
0
1
0
0
0
0
0
0
0
0
0
0
0
0
0
0
0

ID=10006
10006
0
0
212
9
0
1
0
0
0
0
0
0
0
0
0
0
0
0
0
0
0

ID=10007
10007
0
0
213
9
0
1
0
0
0
0
0
0
0
0
0
0
0
0
0
0
0

ID=10008
10008
0
0
214
9
0
1
0
0
0
0
0
0
0
0
0
0
0
0
0
0
0

ID=10009
10009
0
0
215
9
0
1
0
0
0
0
0
0
0
0
0
0
0
0
0
0
0

ID=10010
10010
0
0
216
9
0
1
0
0
0
0
0
0
0
0
0
0
0
0
0
0
0

ID=10011
10011
0
0
217
9
0
1
0
0
0
0
0
0
0
0
0
0
0
0
0
0
0

ID=10012
10012
0
0
218
9
0
1
0
0
0
0
0
0
0
0
0
0
0
0
0
0
0

ID=10013
10013
0
0
219
9
0
1
0
0
0
0
0
0
0
0
0
0
0
0
0
0
0

ID=10014
10014
0
0
220
9
0
1
0
0
0
0
0
0
0
0
0
0
0
0
0
0
0

ID=10015
10015
0
0
221
9
0
1
0
0
0
0
0
16
115
0
0
0
5
5
0
0
0

ID=10016
10016
0
0
222
9
0
1
0
0
0
0
0
0
0
0
0
0
0
0
0
0
0

ID=10017
10017
0
0
223
9
0
1
0
0
0
0
0
0
0
0
0
0
0
0
0
0
0

ID=10018
10018
0
0
224
9
0
1
0
0
0
0
0
0
0
0
0
0
0
0
0
0
0

ID=10019
10019
0
0
225
9
0
1
0
0
0
0
0
0
0
0
0
0
0
0
0
0
0

ID=10020
10020
0
0
226
9
0
1
0
0
0
0
0
0
0
0
0
0
0
0
0
0
0

ID=10021
10021
0
0
227
9
0
1
0
0
0
0
0
0
0
0
0
0
0
0
0
0
0

ID=10022
10022
0
0
228
9
0
1
0
0
0
0
0
0
0
0
0
0
0
0
0
0
0

ID=10023
10023
0
0
229
9
0
1
0
0
0
0
0
0
0
0
0
0
0
0
0
0
0

ID=10024
10024
0
0
230
9
0
1
0
0
0
0
0
0
0
0
0
0
0
0
0
0
0

ID=10025
10025
0
0
231
9
0
1
0
0
0
0
0
0
0
0
0
0
0
0
0
0
0

ID=10026
10026
0
0
232
9
0
1
0
0
0
0
0
0
0
0
0
0
0
0
0
0
0

ID=10027
10027
0
0
233
9
0
1
0
0
0
0
0
0
0
0
0
0
0
0
0
0
0

ID=10028
10028
0
0
234
9
0
1
0
0
0
0
0
0
0
0
0
0
0
0
0
0
0

ID=10029
10029
0
0
235
9
0
1
0
0
0
0
0
0
0
0
0
0
0
0
0
0
0

ID=10030
10030
0
0
236
9
0
1
0
0
0
0
0
0
0
0
0
0
0
0
0
0
0

ID=10031
10031
0
0
237
9
0
1
0
0
0
0
0
0
0
0
0
0
0
0
0
0
0

ID=10032
10032
0
0
238
9
0
1
0
0
0
0
0
0
0
0
0
0
0
0
0
0
0

ID=10033
10033
0
0
239
9
0
1
0
0
0
0
0
0
0
0
0
0
0
0
0
0
0

ID=10034
10034
0
0
240
9
0
1
0
0
0
0
0
0
0
0
0
0
0
0
0
0
0

ID=10038
10038
0
0
241
9
0
1
0
0
0
0
0
0
0
0
0
0
0
0
0
0
0

ID=10039
10039
0
0
242
9
0
1
0
0
0
0
0
0
0
0
0
0
0
0
0
0
0

ID=10040
10040
0
0
243
9
0
1
0
0
0
0
0
0
0
0
0
0
0
0
0
0
0

ID=10041
10041
0
0
244
9
0
1
0
0
0
0
0
0
0
0
0
0
0
0
0
0
0

ID=10042
10042
0
0
245
9
0
1
0
0
0
0
0
0
0
0
0
0
0
0
0
0
0

ID=10043
10043
0
0
246
9
0
1
0
0
0
0
0
0
0
0
0
0
0
0
0
0
0

ID=10044
10044
0
0
247
9
0
1
0
0
0
0
0
0
0
0
0
0
0
0
0
0
0

ID=10045
10045
0
0
248
9
0
1
0
0
0
0
0
107
44
0
0
0
5
5
0
0
0

ID=10049
10049
0
0
171
9
0
0
0
0
0
0
0
0
0
0
0
0
0
0
0
0
0

ID=10050
10050
0
0
172
9
0
0
0
0
0
0
0
0
0
0
0
0
0
0
0
0
0

ID=10051
10051
0
0
173
9
0
0
0
0
0
0
0
0
0
0
0
0
0
0
0
0
0

ID=10052
10052
0
0
174
9
0
0
0
0
0
0
0
0
0
0
0
0
0
0
0
0
0

ID=10053
10053
0
0
175
9
0
0
0
0
0
0
0
0
0
0
0
0
0
0
0
0
0

ID=200100
200100
1
0
1
3
99
0
0
0
0
0
0
34
0
0
0
0
1.35
0
0
0
0

ID=200201
200201
1
1
2
3
99
0
0
0
0
0
0
38
0
0
0
0
1.35
0
0
0
0

ID=200202
200202
1
2
2
3
99
0
0
0
0
0
0
38
0
0
0
0
1.35
0
0
0
0

ID=200203
200203
1
3
2
3
99
0
0
0
0
0
0
38
0
0
0
0
1.35
0
0
0
0

ID=200204
200204
1
4
2
3
99
0
0
0
0
0
0
38
0
0
0
0
1.35
0
0
0
0

ID=200205
200205
1
5
2
3
99
0
0
0
0
0
0
38
0
0
0
0
1.35
0
0
0
0

ID=200206
200206
1
6
2
3
99
0
0
0
0
0
0
38
0
0
0
0
1.35
0
0
0
0

ID=200300
200300
1
0
3
3
99
0
0
0
0
0
0
34
0
0
0
0
1.8
0
0
0
0

ID=200401
200401
1
1
4
3
99
0
0
0
0
0
0
38
0
0
0
0
1.35
0
0
0
0

ID=200402
200402
1
2
4
3
99
0
0
0
0
0
0
38
0
0
0
0
1.35
0
0
0
0

ID=200403
200403
1
3
4
3
99
0
0
0
0
0
0
38
0
0
0
0
1.35
0
0
0
0

ID=200404
200404
1
4
4
3
99
0
0
0
0
0
0
38
0
0
0
0
1.35
0
0
0
0

ID=200405
200405
1
5
4
3
99
0
0
0
0
0
0
38
0
0
0
0
1.35
0
0
0
0

ID=200406
200406
1
6
4
3
99
0
0
0
0
0
0
38
0
0
0
0
1.35
0
0
0
0

ID=200500
200500
1
0
5
3
99
0
0
0
0
0
0
34
38
0
0
0
1.8
-1.35
0
0
0

ID=200600
200600
1
0
6
3
99
0
0
0
0
0
0
38
34
0
0
0
1.8
-1.35
0
0
0

ID=200700
200700
1
0
7
3
99
0
0
0
0
0
0
34
0
0
0
0
1.35
0
0
0
0

ID=200801
200801
1
1
8
3
99
0
0
0
0
0
0
38
0
0
0
0
1.35
0
0
0
0

ID=200802
200802
1
2
8
3
99
0
0
0
0
0
0
38
0
0
0
0
1.35
0
0
0
0

ID=200803
200803
1
3
8
3
99
0
0
0
0
0
0
38
0
0
0
0
1.35
0
0
0
0

ID=200804
200804
1
4
8
3
99
0
0
0
0
0
0
38
0
0
0
0
1.35
0
0
0
0

ID=200805
200805
1
5
8
3
99
0
0
0
0
0
0
38
0
0
0
0
1.35
0
0
0
0

ID=200806
200806
1
6
8
3
99
0
0
0
0
0
0
38
0
0
0
0
1.35
0
0
0
0

ID=200910
200910
1
0
9
2
4000101
0
0
0
0
0
0
16
100
0
0
0
2.25
2
0
0
0

ID=200920
200920
1
0
10
2
4000104
0
0
0
0
0
0
16
100
0
0
0
3.75
2
0
0
0

ID=200930
200930
1
0
11
2
4000108
0
0
0
0
0
0
16
100
116
0
0
5.25
2
5.25
0
0

ID=201010
201010
1
0
12
2
4000201
0
0
0
0
0
0
23
60
0
0
0
5
21
0
0
0

ID=201020
201020
1
0
13
2
4000204
0
0
0
0
0
0
23
60
0
0
0
6
27
0
0
0

ID=201030
201030
1
0
14
2
4000206
0
0
0
0
0
0
23
60
0
0
0
6
32
0
0
0

ID=201040
201040
1
0
15
2
4000208
0
0
0
0
0
0
23
60
55
0
0
7
37
2
0
0

ID=201110
201110
1
0
16
2
4000301
0
0
0
0
0
0
38
116
0
0
0
2.25
3.75
0
0
0

ID=201120
201120
1
0
17
2
4000304
0
0
0
0
0
0
38
116
0
0
0
2.7
4.5
0
0
0

ID=201130
201130
1
0
18
2
4000308
0
0
0
0
0
0
38
116
115
0
0
3.15
5.25
5.25
0
0

ID=201210
201210
1
0
19
2
4000401
0
0
0
0
0
0
16
34
121
0
0
9.75
-2.25
42.9
0
0

ID=201220
201220
1
0
20
2
4000404
0
0
0
0
0
0
16
34
121
0
0
10.5
-2.25
46.2
0
0

ID=201230
201230
1
0
21
2
4000406
0
0
0
0
0
0
16
34
121
23
0
11.25
-2.25
49.5
11
0

ID=201240
201240
1
0
22
2
4000408
0
0
0
0
0
0
16
34
121
23
100
12
-2.25
52.8
11
2

ID=201310
201310
1
0
23
2
4000501
0
0
0
0
0
0
38
109
0
0
0
3.6
2.5
0
0
0

ID=201320
201320
1
0
24
2
4000504
0
0
0
0
0
0
38
109
110
0
0
4.05
3
3
0
0

ID=201330
201330
1
0
25
2
4000506
0
0
0
0
0
0
38
109
110
115
0
4.5
3
3
7.5
0

ID=201340
201340
1
0
26
2
4000508
0
0
0
0
0
0
38
109
110
115
60
5.4
3.5
3.5
9
64

ID=201410
201410
1
0
27
2
4000601
0
0
0
0
0
0
31
60
0
0
0
5
21
0
0
0

ID=201420
201420
1
0
28
2
4000604
0
0
0
0
0
0
31
60
0
0
0
5
27
0
0
0

ID=201430
201430
1
0
29
2
4000606
0
0
0
0
0
0
31
60
0
0
0
5
32
0
0
0

ID=201440
201440
1
0
30
2
4000608
0
0
0
0
0
0
31
60
100
0
0
5
37
2
0
0

ID=201510
201510
1
0
31
2
4000701
0
0
0
0
0
0
38
109
0
0
0
1.8
1.5
0
0
0

ID=201520
201520
1
0
32
2
4000704
0
0
0
0
0
0
38
109
0
0
0
2.25
2
0
0
0

ID=201530
201530
1
0
33
2
4000706
0
0
0
0
0
0
38
109
0
0
0
2.7
2
0
0
0

ID=201540
201540
1
0
34
2
4000708
0
0
0
0
0
0
38
109
64
0
0
3.15
2.5
2
0
0

ID=201610
201610
1
0
35
2
4000801
0
0
0
0
0
0
38
46
0
0
0
1.8
1.5
0
0
0

ID=201620
201620
1
0
36
2
4000804
0
0
0
0
0
0
38
46
0
0
0
2.25
2
0
0
0

ID=201630
201630
1
0
37
2
4000806
0
0
0
0
0
0
38
46
0
0
0
2.7
2
0
0
0

ID=201640
201640
1
0
38
2
4000808
0
0
0
0
0
0
38
46
60
0
0
3.15
2.5
37
0
0

ID=201710
201710
1
0
39
2
4000901
0
0
0
0
0
0
34
50
0
0
0
1.8
258
0
0
0

ID=201720
201720
1
0
40
2
4000904
0
0
0
0
0
0
34
50
0
0
0
2.25
323
0
0
0

ID=201730
201730
1
0
41
2
4000906
0
0
0
0
0
0
34
50
0
0
0
2.7
387
0
0
0

ID=201740
201740
1
0
42
2
4000908
0
0
0
0
0
0
34
50
55
0
0
3.15
452
2
0
0

ID=201810
201810
1
0
43
2
4001001
0
0
0
0
0
0
38
110
113
0
0
3.15
2.5
2.5
0
0

ID=201820
201820
1
0
44
2
4001004
0
0
0
0
0
0
38
110
113
0
0
4.05
3
3
0
0

ID=201830
201830
1
0
45
2
4001006
0
0
0
0
0
0
38
110
113
44
0
4.95
3.5
3.5
3.5
0

ID=201840
201840
1
0
46
2
4001008
0
0
0
0
0
0
38
110
113
44
50
5.4
3.5
3.5
3.5
774

ID=201910
201910
1
0
47
2
4001101
0
0
0
0
0
0
34
32
50
113
0
6.75
-3
968
4.5
0

ID=201920
201920
1
0
48
2
4001104
0
0
0
0
0
0
34
32
50
113
0
7.2
-3
1032
4.5
0

ID=201930
201930
1
0
49
2
4001106
0
0
0
0
0
0
34
32
50
113
0
7.65
-3
1097
5
0

ID=201940
201940
1
0
50
2
4001108
0
0
0
0
0
0
34
32
50
113
44
8.1
-2.5
1161
5
4.5

ID=202010
202010
1
0
51
2
4001301
0
0
0
0
0
0
31
135
0
0
0
5
1
0
0
0

ID=202020
202020
1
0
52
2
4001304
0
0
0
0
0
0
31
135
0
0
0
5
1.5
0
0
0

ID=202030
202030
1
0
53
2
4001306
0
0
0
0
0
0
31
135
0
0
0
5
2
0
0
0

ID=202040
202040
1
0
54
2
4001308
0
0
0
0
0
0
31
135
0
0
0
5
2.5
0
0
0

ID=202110
202110
1
0
55
2
4001201
0
0
0
0
0
0
31
134
0
0
0
5
1
0
0
0

ID=202120
202120
1
0
56
2
4001204
0
0
0
0
0
0
31
134
0
0
0
5
1.5
0
0
0

ID=202130
202130
1
0
57
2
4001206
0
0
0
0
0
0
31
134
0
0
0
5
2
0
0
0

ID=202140
202140
1
0
58
2
4001208
0
0
0
0
0
0
31
134
0
0
0
5
2.5
0
0
0

ID=202210
202210
1
0
59
2
4001401
0
0
0
0
0
0
31
136
0
0
0
5
1
0
0
0

ID=202220
202220
1
0
60
2
4001404
0
0
0
0
0
0
31
136
0
0
0
5
1.5
0
0
0

ID=202230
202230
1
0
61
2
4001406
0
0
0
0
0
0
31
136
0
0
0
5
2
0
0
0

ID=202240
202240
1
0
62
2
4001408
0
0
0
0
0
0
31
136
137
0
0
5
2.5
2.5
0
0

ID=202310
202310
1
0
63
2
4001501
0
0
0
0
0
0
31
137
0
0
0
5
1
0
0
0

ID=202320
202320
1
0
64
2
4001504
0
0
0
0
0
0
31
137
0
0
0
5
1.5
0
0
0

ID=202330
202330
1
0
65
2
4001506
0
0
0
0
0
0
31
137
0
0
0
5
2
0
0
0

ID=202340
202340
1
0
66
2
4001508
0
0
0
0
0
0
31
137
136
0
0
5
2.5
2.5
0
0

ID=202410
202410
1
0
67
2
4001601
0
0
0
0
0
0
31
139
0
0
0
5
1
0
0
0

ID=202420
202420
1
0
68
2
4001604
0
0
0
0
0
0
31
139
0
0
0
5
1.5
0
0
0

ID=202430
202430
1
0
69
2
4001606
0
0
0
0
0
0
31
139
0
0
0
5
2
0
0
0

ID=202440
202440
1
0
70
2
4001608
0
0
0
0
0
0
31
139
140
0
0
5
2.5
2.5
0
0

ID=202510
202510
1
0
71
2
4001701
0
0
0
0
0
0
23
38
140
0
0
11
-2.7
4.5
0
0

ID=202520
202520
1
0
72
2
4001704
0
0
0
0
0
0
23
38
140
60
0
11
-2.25
4.5
86
0

ID=202530
202530
1
0
73
2
4001706
0
0
0
0
0
0
23
38
140
60
0
12
-1.8
5
91
0

ID=202540
202540
1
0
74
2
4001708
0
0
0
0
0
0
23
38
140
60
114
12
-1.8
5
91
3

ID=202610
202610
1
0
75
2
4001801
0
0
0
0
0
0
23
113
0
0
0
4
1
0
0
0

ID=202620
202620
1
0
76
2
4001804
0
0
0
0
0
0
23
113
0
0
0
4
1.5
0
0
0

ID=202630
202630
1
0
77
2
4001806
0
0
0
0
0
0
23
113
0
0
0
5
1
0
0
0

ID=202640
202640
1
0
78
2
4001808
0
0
0
0
0
0
23
113
0
0
0
5
1.5
0
0
0

ID=202710
202710
1
0
79
2
4001901
0
0
0
0
0
0
32
114
0
0
0
2
3
0
0
0

ID=202720
202720
1
0
80
2
4001904
0
0
0
0
0
0
32
114
0
0
0
2.5
3
0
0
0

ID=202730
202730
1
0
81
2
4001906
0
0
0
0
0
0
32
114
0
0
0
3
3
0
0
0

ID=202740
202740
1
0
82
2
4001908
0
0
0
0
0
0
32
114
0
0
0
3.5
3
0
0
0

ID=202810
202810
1
0
83
2
4002001
0
0
0
0
0
0
23
100
0
0
0
5
2
0
0
0

ID=202820
202820
1
0
84
2
4002004
0
0
0
0
0
0
23
100
0
0
0
6
2
0
0
0

ID=202830
202830
1
0
85
2
4002006
0
0
0
0
0
0
23
100
64
0
0
7
2
2
0
0

ID=202840
202840
1
0
86
2
4002008
0
0
0
0
0
0
23
100
64
41
0
8
2
2
47
0

ID=202910
202910
1
0
87
2
4002101
0
0
0
0
0
0
23
114
0
0
0
5
3
0
0
0

ID=202920
202920
1
0
88
2
4002104
0
0
0
0
0
0
23
114
115
0
0
7
3
5.25
0
0

ID=202930
202930
1
0
89
2
4002108
0
0
0
0
0
0
23
114
115
64
0
8
3
7.5
2
0

ID=203010
203010
1
0
90
2
4002201
0
0
0
0
0
0
32
34
41
0
0
5
-1.35
65.8
0
0

ID=203020
203020
1
0
91
2
4002204
0
0
0
0
0
0
32
34
41
100
0
5
-1.35
70.5
2
0

ID=203030
203030
1
0
92
2
4002206
0
0
0
0
0
0
32
34
41
100
0
5
-1.35
79.9
2
0

ID=203040
203040
1
0
93
2
4002208
0
0
0
0
0
0
32
34
41
100
60
5
-1.35
79.9
2
70

ID=203110
203110
1
0
94
2
4002301
0
0
0
0
0
0
38
41
121
0
0
4.05
42.3
29.7
0
0

ID=203120
203120
1
0
95
2
4002304
0
0
0
0
0
0
38
41
121
50
0
4.5
47
33
645
0

ID=203130
203130
1
0
96
2
4002306
0
0
0
0
0
0
38
41
121
50
0
4.95
51.7
36.3
710
0

ID=203140
203140
1
0
97
2
4002308
0
0
0
0
0
0
38
41
121
50
32
4.95
51.7
36.3
710
5

ID=203210
203210
1
0
98
2
4002401
0
0
0
0
0
0
38
31
64
0
0
6.75
-5
2
0
0

ID=203220
203220
1
0
99
2
4002404
0
0
0
0
0
0
38
31
64
55
0
7.2
-5
2
4
0

ID=203230
203230
1
0
100
2
4002406
0
0
0
0
0
0
38
31
64
55
0
7.65
-5
2
4
0

ID=203240
203240
1
0
101
2
4002408
0
0
0
0
0
0
38
31
64
55
46
7.65
-5
2
4
4

ID=203310
203310
1
0
102
2
4002501
0
0
0
0
0
0
23
116
0
0
0
6
3.75
0
0
0

ID=203320
203320
1
0
103
2
4002504
0
0
0
0
0
0
23
116
117
0
0
7
5.25
3
0
0

ID=203330
203330
1
0
104
2
4002506
0
0
0
0
0
0
23
116
117
64
0
8
7.5
3
2
0

ID=203340
203340
1
0
105
2
4002508
0
0
0
0
0
0
23
116
117
64
114
9
9
3
2
3

ID=203410
203410
1
0
106
2
4002601
0
0
0
0
0
0
23
117
0
0
0
4
3
0
0
0

ID=203420
203420
1
0
107
2
4002604
0
0
0
0
0
0
23
117
0
0
0
5
3
0
0
0

ID=203430
203430
1
0
108
2
4002606
0
0
0
0
0
0
23
117
113
0
0
7
3
2.5
0
0

ID=203440
203440
1
0
109
2
4002608
0
0
0
0
0
0
23
117
113
0
0
8
3
3
0
0

ID=203610
203610
1
0
110
2
4002801
0
0
0
0
0
0
34
16
141
44
0
7.65
-6.75
5
5
0

ID=203620
203620
1
0
111
2
4002804
0
0
0
0
0
0
34
16
141
44
0
8.1
-6
5
5
0

ID=203630
203630
1
0
112
2
4002806
0
0
0
0
0
0
34
16
141
44
110
8.1
-5.25
5
5
4

ID=203640
203640
1
0
113
2
4002808
0
0
0
0
0
0
34
16
141
44
110
8.55
-4.5
5
5
4.5

ID=203710
203710
1
0
114
2
4003001
0
0
0
0
0
0
31
0
0
0
0
3
0
0
0
0

ID=203720
203720
1
0
115
2
4003004
0
0
0
0
0
0
31
0
0
0
0
5
0
0
0
0

ID=203730
203730
1
0
116
2
4003006
0
0
0
0
0
0
31
38
0
0
0
5
0.45
0
0
0

ID=203740
203740
1
0
117
2
4003008
0
0
0
0
0
0
31
38
0
0
0
5
0.9
0
0
0

ID=203810
203810
1
0
118
2
4003101
0
0
0
0
0
0
34
60
0
0
0
2.7
32
0
0
0

ID=203820
203820
1
0
119
2
4003105
0
0
0
0
0
0
34
60
0
0
0
3.6
43
0
0
0

ID=203910
203910
1
0
120
2
4003201
0
0
0
0
0
0
34
116
0
0
0
2.7
4.5
0
0
0

ID=203920
203920
1
0
121
2
4003204
0
0
0
0
0
0
34
116
0
0
0
3.6
6
0
0
0

ID=203930
203930
1
0
122
2
4003206
0
0
0
0
0
0
34
116
100
0
0
4.5
7.5
2
0
0

ID=203940
203940
1
0
123
2
4003208
0
0
0
0
0
0
34
116
100
0
0
5.4
9
2
0
0

ID=204010
204010
1
0
124
2
4003301
0
0
0
0
0
0
38
60
0
0
0
2.7
32
0
0
0

ID=204020
204020
1
0
125
2
4003305
0
0
0
0
0
0
38
60
0
0
0
3.6
43
0
0
0

ID=204110
204110
1
0
126
2
4003401
0
0
0
0
0
0
23
114
0
0
0
4
3
0
0
0

ID=204120
204120
1
0
127
2
4003404
0
0
0
0
0
0
23
114
0
0
0
5
3
0
0
0

ID=204130
204130
1
0
128
2
4003406
0
0
0
0
0
0
23
114
0
0
0
6
3
0
0
0

ID=204140
204140
1
0
129
2
4003408
0
0
0
0
0
0
23
114
0
0
0
7
3
0
0
0

ID=204210
204210
1
0
130
2
4003501
0
0
0
0
0
0
16
38
44
0
0
5.25
3.15
2.5
0
0

ID=204220
204220
1
0
131
2
4003504
0
0
0
0
0
0
16
38
44
0
0
6.75
4.05
2.5
0
0

ID=204230
204230
1
0
132
2
4003506
0
0
0
0
0
0
16
38
44
0
0
6.75
4.05
3
0
0

ID=204240
204240
1
0
133
2
4003508
0
0
0
0
0
0
16
38
44
0
0
8.25
4.95
3.5
0
0

ID=204310
204310
1
0
134
2
4004401
0
0
0
0
0
0
31
32
115
0
0
5
5
9
0
0

ID=204410
204410
1
0
135
2
4004501
0
0
0
0
0
0
23
41
0
0
0
6
28.2
0
0
0

ID=204510
204510
1
0
136
2
4004601
0
0
0
0
0
0
23
60
0
0
0
6
32
0
0
0

ID=204610
204610
1
0
137
2
4004701
0
0
0
0
0
0
16
38
64
55
0
9.75
5.85
2
3
0

ID=204710
204710
1
0
138
2
4004801
0
0
0
0
0
0
16
31
0
0
0
4.5
5
0
0
0

ID=204810
204810
1
0
139
2
4004901
0
0
0
0
0
0
16
0
0
0
0
3.75
0
0
0
0

ID=204910
204910
1
0
140
2
4005001
0
0
0
0
0
0
16
0
0
0
0
3.75
0
0
0
0

ID=205010
205010
1
0
141
2
4005101
0
0
0
0
0
0
16
0
0
0
0
3.75
0
0
0
0

ID=205110
205110
1
0
142
2
4005201
0
0
0
0
0
0
16
0
0
0
0
3.75
0
0
0
0

ID=205210
205210
1
0
143
2
4005301
0
0
0
0
0
0
16
0
0
0
0
3.75
0
0
0
0

ID=205310
205310
1
0
144
2
4005401
0
0
0
0
0
0
32
38
113
0
0
5
4.5
3
0
0

ID=205410
205410
1
0
145
2
4005501
0
0
0
0
0
0
32
38
113
46
0
5
4.5
3
3
0

ID=205510
205510
1
0
146
2
4005601
0
0
0
0
0
0
32
38
113
46
0
5
5.4
3.5
3.5
0

ID=205610
205610
1
0
147
6
31301901
0
0
0
0
0
0
31
117
135
0
0
5
3
3.5
0
0

ID=205710
205710
1
0
148
6
31302901
0
0
0
0
0
0
31
117
134
0
0
5
3
3.5
0
0

ID=205810
205810
1
0
149
6
31303901
0
0
0
0
0
0
31
117
137
0
0
5
3
3.5
0
0

ID=205910
205910
1
0
150
6
31304901
0
0
0
0
0
0
31
117
139
0
0
5
3
3.5
0
0

ID=206010
206010
1
0
151
3
55
0
0
0
0
0
0
31
117
141
0
0
5
3
3.5
0
0

ID=206110
206110
1
0
152
2
4006201
0
0
0
0
0
0
34
0
0
0
0
2.25
0
0
0
0

ID=206210
206210
1
0
153
2
4006301
0
0
0
0
0
0
34
117
0
0
0
3.15
3
0
0
0

ID=206310
206310
1
0
154
2
4006304
0
0
0
0
0
0
34
117
0
0
0
3.6
3
0
0
0

ID=206410
206410
1
0
155
2
4006306
0
0
0
0
0
0
34
117
0
0
0
4.05
3
0
0
0

ID=206510
206510
1
0
156
2
4006308
0
0
0
0
0
0
34
117
0
0
0
4.5
3
0
0
0

ID=206610
206610
1
0
157
2
4006401
0
0
0
0
0
0
38
117
0
0
0
3.15
3
0
0
0

ID=206710
206710
1
0
158
2
4006404
0
0
0
0
0
0
38
117
0
0
0
3.6
3
0
0
0

ID=206810
206810
1
0
159
2
4006406
0
0
0
0
0
0
38
117
0
0
0
4.05
3
0
0
0

ID=206910
206910
1
0
160
2
4006408
0
0
0
0
0
0
38
117
0
0
0
4.5
3
0
0
0

ID=207010
207010
1
0
161
2
4006501
0
0
0
0
0
0
32
114
0
0
0
4
3
0
0
0

ID=207110
207110
1
0
162
2
4006601
0
0
0
0
0
0
32
100
0
0
0
4
2
0
0
0

ID=207210
207210
1
0
163
2
4006701
0
0
0
0
0
0
31
116
0
0
0
5
3
0
0
0

ID=207310
207310
1
0
164
2
4006704
0
0
0
0
0
0
31
116
0
0
0
5
3.75
0
0
0

ID=207410
207410
1
0
165
2
4006706
0
0
0
0
0
0
31
116
0
0
0
5
4.5
0
0
0

ID=207510
207510
1
0
166
2
4006708
0
0
0
0
0
0
31
116
0
0
0
5
5.25
0
0
0

ID=207610
207610
1
0
167
2
4006801
0
0
0
0
0
0
31
117
0
0
0
5
3
0
0
0

ID=207710
207710
1
0
168
2
4006901
0
0
0
0
0
0
38
110
113
44
0
4.95
3.5
3.5
3.5
0

ID=207810
207810
1
0
169
2
4007001
0
0
0
0
0
0
31
117
110
0
0
5
3
3.5
0
0

ID=207910
207910
1
0
170
9
0
0
0
0
0
0
0
0
0
0
0
0
0
0
0
0
0

ID=208010
208010
1
0
243
10
5
0
0
0
0
0
0
64
44
114
133
0
1
2.5
1.5
2.5
0

ID=208020
208020
1
0
244
10
6
0
0
0
0
0
0
64
44
114
133
0
1.5
3
2
3
0

ID=208030
208030
1
0
245
10
7
0
0
0
0
0
0
64
44
114
133
0
2
3.5
2.5
3.5
0

ID=208040
208040
1
0
246
10
8
0
0
0
0
0
0
64
44
114
133
0
2.5
4
3
4
0

ID=200010
200010
1
0
200
9
0
1
0
0
0
0
0
0
0
0
0
0
0
0
0
0
0

ID=200020
200020
1
0
210
9
0
1
0
0
0
0
0
0
0
0
0
0
0
0
0
0
0

ID=20001
20001
1
0
211
9
0
1
0
0
0
0
0
0
0
0
0
0
0
0
0
0
0

ID=20002
20002
1
0
212
9
0
1
0
0
0
0
0
0
0
0
0
0
0
0
0
0
0

ID=20003
20003
1
0
213
9
0
1
0
0
0
0
0
0
0
0
0
0
0
0
0
0
0

ID=20004
20004
1
0
214
9
0
1
0
0
0
0
0
0
0
0
0
0
0
0
0
0
0

ID=20005
20005
1
0
215
9
0
1
0
0
0
0
0
0
0
0
0
0
0
0
0
0
0

ID=20006
20006
1
0
216
9
0
1
0
0
0
0
0
0
0
0
0
0
0
0
0
0
0

ID=20007
20007
1
0
217
9
0
1
0
0
0
0
0
0
0
0
0
0
0
0
0
0
0

ID=20008
20008
1
0
218
9
0
1
0
0
0
0
0
0
0
0
0
0
0
0
0
0
0

ID=20009
20009
1
0
219
9
0
1
0
0
0
0
0
0
0
0
0
0
0
0
0
0
0

ID=20010
20010
1
0
220
9
0
1
0
0
0
0
0
0
0
0
0
0
0
0
0
0
0

ID=20011
20011
1
0
221
9
0
1
0
0
0
0
0
0
0
0
0
0
0
0
0
0
0

ID=20012
20012
1
0
222
9
0
1
0
0
0
0
0
0
0
0
0
0
0
0
0
0
0

ID=20013
20013
1
0
223
9
0
1
0
0
0
0
0
0
0
0
0
0
0
0
0
0
0

ID=20014
20014
1
0
224
9
0
1
0
0
0
0
0
0
0
0
0
0
0
0
0
0
0

ID=20015
20015
1
0
225
9
0
1
0
0
0
0
0
0
0
0
0
0
0
0
0
0
0

ID=20016
20016
1
0
226
9
0
1
0
0
0
0
0
0
0
0
0
0
0
0
0
0
0

ID=20017
20017
1
0
227
9
0
1
0
0
0
0
0
0
0
0
0
0
0
0
0
0
0

ID=20018
20018
1
0
228
9
0
1
0
0
0
0
0
0
0
0
0
0
0
0
0
0
0

ID=20019
20019
1
0
229
9
0
1
0
0
0
0
0
0
0
0
0
0
0
0
0
0
0

ID=20020
20020
1
0
230
9
0
1
0
0
0
0
0
0
0
0
0
0
0
0
0
0
0

ID=20021
20021
1
0
231
9
0
1
0
0
0
0
0
0
0
0
0
0
0
0
0
0
0

ID=20022
20022
1
0
232
9
0
1
0
0
0
0
0
0
0
0
0
0
0
0
0
0
0

ID=20023
20023
1
0
233
9
0
1
0
0
0
0
0
0
0
0
0
0
0
0
0
0
0

ID=20024
20024
1
0
234
9
0
1
0
0
0
0
0
0
0
0
0
0
0
0
0
0
0

ID=20026
20026
1
0
235
9
0
1
0
0
0
0
0
0
0
0
0
0
0
0
0
0
0

ID=20027
20027
1
0
237
9
0
1
0
0
0
0
0
0
0
0
0
0
0
0
0
0
0

ID=20028
20028
1
0
238
9
0
1
0
0
0
0
0
0
0
0
0
0
0
0
0
0
0

ID=20032
20032
1
0
239
9
0
1
0
0
0
0
0
0
0
0
0
0
0
0
0
0
0

ID=20033
20033
1
0
240
9
0
1
0
0
0
0
0
0
0
0
0
0
0
0
0
0
0

ID=20034
20034
1
0
241
9
0
1
0
0
0
0
0
0
0
0
0
0
0
0
0
0
0

ID=20035
20035
1
0
242
9
0
1
0
0
0
0
0
0
0
0
0
0
0
0
0
0
0

ID=20036
20036
1
0
243
9
0
1
0
0
0
0
0
0
0
0
0
0
0
0
0
0
0

ID=20037
20037
1
0
244
9
0
1
0
0
0
0
0
0
0
0
0
0
0
0
0
0
0

ID=20038
20038
1
0
245
9
0
1
0
0
0
0
0
0
0
0
0
0
0
0
0
0
0

ID=20039
20039
1
0
246
9
0
1
0
0
0
0
0
0
0
0
0
0
0
0
0
0
0

ID=20040
20040
1
0
247
9
0
1
0
0
0
0
0
0
0
0
0
0
0
0
0
0
0

ID=20045
20045
1
0
248
9
0
1
0
0
0
0
0
143
50
0
0
0
5
500
0
0
0

ID=20049
20049
1
0
173
9
0
1
0
0
0
0
0
0
0
0
0
0
0
0
0
0
0

ID=101350
101350
0
0
176
2
4000511
0
0
0
0
0
0
34
103
104
23
50
6.4
5
4.5
9
250

ID=101850
101850
0
0
177
2
4001011
0
0
0
0
0
0
15
60
100
0
0
2500
80
2
0
0

ID=102940
102940
0
0
178
2
4002111
0
0
0
0
0
0
16
44
50
34
0
8
3
750
-5
0

ID=103150
103150
0
0
179
2
4002311
0
0
0
0
0
0
34
41
41
100
0
6
60
100
2
0

ID=103250
103250
0
0
180
2
4002411
0
0
0
0
0
0
38
31
64
55
15
7.8
-5
2
3
500

ID=104320
104320
0
0
181
2
4004406
0
0
0
0
0
0
16
38
0
0
0
10
5
0
0
0

ID=108110
108110
0
0
182
3
99
0
0
0
0
0
0
32
113
103
117
0
5
3
4.25
4
0

ID=108230
108230
0
3
185
3
99
0
0
0
0
0
0
32
113
15
64
0
2
4.5
1500
2
0

ID=108240
108240
0
4
186
3
99
0
0
0
0
0
0
32
113
15
64
0
2
4.5
1500
2
0

ID=201350
201350
1
0
176
2
4000511
0
0
0
0
0
0
50
104
32
117
100
550
4.5
3.5
3
-3

ID=202940
202940
1
0
178
2
4002111
0
0
0
0
0
0
142
114
116
60
144
5
3
7
45
5

ID=203150
203150
1
0
179
2
4002311
0
0
0
0
0
0
116
117
0
0
0
10
5
0
0
0

ID=203250
203250
1
0
180
2
4002411
0
0
0
0
0
0
38
31
117
55
44
8
-5
3
3
-1

ID=204320
204320
1
0
181
2
4004406
0
0
0
0
0
0
23
15
113
44
0
7.2
550
2.5
2
0

ID=208110
208110
1
0
182
3
99
0
0
0
0
0
0
32
117
126
103
0
4
3.5
2.5
3
0

ID=208210
208210
1
1
183
3
99
0
0
0
0
0
0
64
100
113
16
38
2
2
5
3.75
-3

ID=108050
108050
0
0
249
9
0
0
0
0
0
0
0
32
31
100
60
0
4
6
4
150
0

ID=108270
108270
0
0
250
8
837400095
0
0
0
0
0
0
102
0
0
0
0
2.5
0
0
0
0

ID=208270
208270
1
0
250
8
837400096
0
0
0
0
0
0
102
0
0
0
0
2.5
0
0
0
0

ID=108210
108210
0
1
183
3
99
0
0
0
0
0
0
32
113
15
64
0
2
4.5
1500
2
0

ID=201850
201850
1
0
177
2
4001011
0
0
0
0
0
0
38
110
113
0
0
6
3.5
3
0
0

ID=10054
10054
0
0
251
9
0
1
0
0
0
0
0
0
0
0
0
0
0
0
0
0
0

ID=20054
20054
1
0
251
9
0
1
0
0
0
0
0
0
0
0
0
0
0
0
0
0
0

ID=208230
208230
1
3
185
3
99
0
0
0
0
0
0
64
100
113
16
38
2
2
5
3.75
-3

ID=208240
208240
1
4
186
3
99
0
0
0
0
0
0
64
100
113
16
38
2
2
5
3.75
-3

ID=20055
20055
1
0
189
9
0
1
0
0
0
0
0
15
0
0
0
0
3000
0
0
0
0

ID=108120
108120
0
0
190
3
99
0
0
0
0
0
0
15
121
0
0
0
2200
50
0
0
0

ID=208050
208050
1
0
247
3
99
0
0
0
0
0
0
44
50
23
31
0
2
500
5
3
0

ID=208120
208120
1
0
190
3
99
0
0
0
0
0
0
38
109
110
0
0
4
5
5
0
0

ID=10055
10055
0
0
189
9
0
0
0
0
0
0
0
0
0
0
0
0
0
0
0
0
0

ID=10056
10056
0
0
190
9
0
0
0
0
0
0
0
0
0
0
0
0
0
0
0
0
0

ID=10057
10057
0
0
191
9
0
0
0
0
0
0
0
0
0
0
0
0
0
0
0
0
0

ID=20056
20056
1
0
190
9
0
0
0
0
0
0
0
0
0
0
0
0
0
0
0
0
0

ID=20057
20057
1
0
191
9
0
0
0
0
0
0
0
0
0
0
0
0
0
0
0
0
0

ID=20058
20058
1
0
192
9
0
0
0
0
0
0
0
0
0
0
0
0
0
0
0
0
0

ID=108220
108220
0
2
184
3
99
0
0
0
0
0
0
32
113
15
64
0
2
4.5
1500
2
0

ID=208220
208220
1
2
184
3
99
0
0
0
0
0
0
64
100
113
16
38
2
2
5
3.75
-3

ID=10059
10059
0
0
193
9
0
1
0
0
0
0
0
0
0
0
0
0
0
0
0
0
0

ID=20059
20059
1
0
193
9
0
1
0
0
0
0
0
15
0
0
0
0
3000
0
0
0
0

ID=20060
20060
1
0
194
9
0
1
0
0
0
0
0
0
0
0
0
0
0
0
0
0
0

ID=10061
10061
0
0
195
9
0
0
0
0
0
0
0
149
44
116
0
0
6
4.5
7
0
0

ID=20061
20061
1
0
195
9
0
0
0
0
0
0
0
150
107
117
0
0
6
10
10
0
0

ID=10062
10062
0
0
196
9
0
0
0
0
0
0
0
149
0
0
0
0
1
0
0
0
0

ID=20062
20062
1
0
196
9
0
0
0
0
0
0
0
34
0
0
0
0
1
0
0
0
0

ID=10063
10063
0
0
195
9
0
0
0
0
0
0
0
50
32
15
0
0
1000
3
2500
0
0

ID=10064
10064
0
0
196
9
0
0
0
0
0
0
0
0
0
0
0
0
0
0
0
0
0

ID=10065
10065
0
0
197
9
0
0
0
0
0
0
0
0
0
0
0
0
0
0
0
0
0

ID=10066
10066
0
0
198
9
0
0
0
0
0
0
0
0
0
0
0
0
0
0
0
0
0

ID=10067
10067
0
0
199
9
0
0
0
0
0
0
0
0
0
0
0
0
0
0
0
0
0

ID=20063
20063
1
0
195
9
0
0
0
0
0
0
0
50
32
15
0
0
800
3
2000
0
0

ID=20064
20064
1
0
196
9
0
0
0
0
0
0
0
0
0
0
0
0
0
0
0
0
0

ID=20065
20065
1
0
197
9
0
0
0
0
0
0
0
0
0
0
0
0
0
0
0
0
0

ID=20066
20066
1
0
198
9
0
0
0
0
0
0
0
0
0
0
0
0
0
0
0
0
0

ID=20067
20067
1
0
199
9
0
0
0
0
0
0
0
0
0
0
0
0
0
0
0
0
0

ID=99996
99996
0
0
900
9
0
1
0
0
0
0
0
0
0
0
0
0
0
0
0
0
0

ID=99997
99997
0
0
1000
9
0
1
0
0
0
0
0
15
0
0
0
0
3000
0
0
0
0

ID=99999
99999
1
0
900
9
0
0
0
0
0
0
0
0
0
0
0
0
0
0
0
0
0

ID=99998
99998
1
0
1000
9
0
1
0
0
0
0
0
15
0
0
0
0
3000
0
0
0
0

ID=108250
108250
0
5
187
3
99
0
0
0
0
0
0
32
113
15
64
0
2
4.5
1500
2
0

ID=208250
208250
1
5
187
3
99
0
0
0
0
0
0
64
100
113
16
38
2
2
5
3.75
-3

ID=10068
10068
0
0
252
9
0
1
0
0
0
0
0
149
0
0
0
0
2
0
0
0
0

ID=20068
20068
1
0
252
9
0
1
0
0
0
0
0
150
44
0
0
0
2
1
0
0
0

ID=10069
10069
0
0
253
9
0
1
0
0
0
0
0
149
0
0
0
0
4
0
0
0
0

ID=20069
20069
1
0
253
9
0
1
0
0
0
0
0
150
44
0
0
0
4
2
0
0
0

ID=10070
10070
0
0
254
9
0
1
0
0
0
0
0
32
32
0
0
0
2
-2
0
0
0

ID=109270
109270
0
0
193
8
837400098
0
0
0
0
0
0
34
38
113
46
0
5
5.4
3.5
3.5
0

ID=209270
209270
1
0
193
8
837400099
0
0
0
0
0
0
34
38
113
46
0
5
5.4
3.5
3.5
0

ID=20074
20074
1
0
267
8
993000005
1
0
0
0
0
0
0
0
0
0
0
0
0
0
0
0

ID=10074
10074
0
0
267
8
993000006
1
0
0
0
0
0
115
116
117
0
0
3
3
3
0
0

ID=20075
20075
1
0
268
8
993000007
1
0
0
0
0
0
15
150
50
0
0
4500
5
1200
0
0

ID=108260
108260
0
6
188
3
99
0
0
0
0
0
0
32
113
15
64
0
2
4.5
1500
2
0

ID=208260
208260
1
6
188
3
99
0
0
0
0
0
0
64
100
113
16
38
2
2
5
3.75
-3

ID=10075
10075
0
0
268
8
993000197
1
0
0
0
0
0
41
117
114
0
0
50
15
3
0
0

ID=20076
20076
1
0
269
8
993000198
1
0
0
0
0
0
41
117
114
0
0
50
15
3
0
0

ID=10077
10077
0
0
270
9
0
1
0
0
0
0
0
0
0
0
0
0
0
0
0
0
0

ID=10078
10078
0
0
271
9
0
1
0
0
0
0
0
0
0
0
0
0
0
0
0
0
0

ID=10079
10079
0
0
272
9
0
1
0
0
0
0
0
0
0
0
0
0
0
0
0
0
0

ID=10080
10080
0
0
273
9
0
1
0
0
0
0
0
0
0
0
0
0
0
0
0
0
0

ID=10081
10081
0
0
274
9
0
1
0
0
0
0
0
0
0
0
0
0
0
0
0
0
0

ID=10082
10082
0
0
275
9
0
1
0
0
0
0
0
0
0
0
0
0
0
0
0
0
0

ID=20077
20077
1
0
270
9
0
1
0
0
0
0
0
0
0
0
0
0
0
0
0
0
0

ID=20078
20078
1
0
271
9
0
1
0
0
0
0
0
0
0
0
0
0
0
0
0
0
0

ID=20079
20079
1
0
272
9
0
1
0
0
0
0
0
0
0
0
0
0
0
0
0
0
0

ID=20080
20080
1
0
273
9
0
1
0
0
0
0
0
0
0
0
0
0
0
0
0
0
0

ID=20081
20081
1
0
274
9
0
1
0
0
0
0
0
0
0
0
0
0
0
0
0
0
0

ID=20082
20082
1
0
275
9
0
1
0
0
0
0
0
0
0
0
0
0
0
0
0
0
0

ID=10076
10076
0
0
276
8
980000208
1
0
0
0
0
0
150
0
0
0
0
10
0
0
0
0

ID=20083
20083
1
0
276
8
980000209
1
0
0
0
0
0
149
0
0
0
0
10
0
0
0
0

ID=208051
208051
1
0
268
3
99
0
0
0
0
0
0
0
0
0
0
0
0
0
0
0
0

ID=10090
10090
0
0
277
8
991000470
0
0
0
0
0
0
0
0
0
0
0
0
0
0
0
0

ID=20090
20090
1
0
277
8
991000471
0
0
0
0
0
0
0
0
0
0
0
0
0
0
0
0

ID=10091
10091
0
0
278
8
991000472
0
0
0
0
0
0
0
0
0
0
0
0
0
0
0
0

ID=20091
20091
1
0
278
8
991000473
0
0
0
0
0
0
0
0
0
0
0
0
0
0
0
0

ID=10092
10092
0
0
279
8
991000474
0
0
0
0
0
0
0
0
0
0
0
0
0
0
0
0

ID=20092
20092
1
0
279
8
991000475
0
0
0
0
0
0
0
0
0
0
0
0
0
0
0
0

ID=208052
208052
0
0
206
3
99
0
0
0
0
0
0
44
34
64
109
0
4
8
3.5
4
0

ID=208053
208053
1
0
206
3
99
0
0
0
0
0
0
100
114
16
110
0
3
4.5
10
5
0

ID=100407
100407
0
7
4
3
99
0
0
0
0
0
0
23
0
0
0
0
4
0
0
0
0

ID=100607
100607
0
7
6
3
99
0
0
0
0
0
0
23
16
0
0
0
5
-1.5
0
0
0

ID=108271
108271
0
7
188
3
99
0
0
0
0
0
0
32
113
15
64
0
2
4.5
1500
2
0

ID=200207
200207
1
7
2
3
99
0
0
0
0
0
0
38
0
0
0
0
1.35
0
0
0
0

ID=200407
200407
1
7
4
3
99
0
0
0
0
0
0
38
0
0
0
0
1.35
0
0
0
0

ID=200807
200807
1
7
8
3
99
0
0
0
0
0
0
38
0
0
0
0
1.35
0
0
0
0

ID=208271
208271
1
7
188
3
99
0
0
0
0
0
0
64
100
113
16
38
2
2
5
3.75
-3

ID=100107
100107
0
7
1
3
99
0
0
0
0
0
0
16
0
0
0
0
2.25
0
0
0
0

ID=200107
200107
1
7
1
3
99
0
0
0
0
0
0
34
0
0
0
0
1.35
0
0
0
0

ID=10093
10093
0
0
280
8
993000291
1
0
0
0
0
0
41
0
0
0
0
35
0
0
0
0

ID=10094
10094
0
0
281
8
993000292
1
0
0
0
0
0
41
0
0
0
0
35
0
0
0
0

ID=20093
20093
1
0
280
8
993000293
1
0
0
0
0
0
41
0
0
0
0
35
0
0
0
0

ID=20094
20094
1
0
281
8
993000294
1
0
0
0
0
0
41
0
0
0
0
35
0
0
0
0

ID=20095
20095
1
0
282
8
993000295
1
0
0
0
0
0
0
0
0
0
0
0
0
0
0
0

ID=10095
10095
0
0
282
8
993000361
1
0
0
0
0
0
41
0
0
0
0
35
0
0
0
0

ID=10096
10096
0
0
283
8
993000362
1
0
0
0
0
0
41
0
0
0
0
35
0
0
0
0

ID=20096
20096
1
0
283
8
993000363
1
0
0
0
0
0
41
0
0
0
0
35
0
0
0
0

ID=20097
20097
1
0
284
8
993000364
1
0
0
0
0
0
41
0
0
0
0
35
0
0
0
0

ID=20098
20098
1
0
285
8
993000365
1
0
0
0
0
0
0
0
0
0
0
0
0
0
0
0

ID=10099
10099
0
0
286
8
993000379
1
0
0
0
0
0
0
0
0
0
0
0
0
0
0
0

ID=10100
10100
0
0
287
8
993000380
1
0
0
0
0
0
0
0
0
0
0
0
0
0
0
0

ID=10101
10101
0
0
288
8
993000381
1
0
0
0
0
0
0
0
0
0
0
0
0
0
0
0

ID=20099
20099
1
0
286
8
993000382
1
0
0
0
0
0
0
0
0
0
0
0
0
0
0
0

ID=20100
20100
1
0
287
8
993000383
1
0
0
0
0
0
0
0
0
0
0
0
0
0
0
0

ID=20101
20101
1
0
288
8
993000384
1
0
0
0
0
0
0
0
0
0
0
0
0
0
0
0

ID=109280
109280
0
0
194
8
837400114
0
0
0
0
0
0
0
0
0
0
0
0
0
0
0
0

ID=209280
209280
1
0
194
8
837400115
0
0
0
0
0
0
0
0
0
0
0
0
0
0
0
0

ID=10102
10102
0
0
284
8
993000404
1
0
0
0
0
0
116
115
0
0
0
-25
10
0
0
0

ID=20102
20102
1
0
286
8
993000405
1
0
0
0
0
0
116
115
0
0
0
10
-25
0
0
0

ID=10103
10103
0
0
289
8
993000441
1
0
0
0
0
0
0
0
0
0
0
0
0
0
0
0

ID=20103
20103
1
0
289
8
993000444
1
0
0
0
0
0
0
0
0
0
0
0
0
0
0
0

ID=10104
10104
0
0
290
8
993000442
1
0
0
0
0
0
0
0
0
0
0
0
0
0
0
0

ID=20104
20104
1
0
290
8
993000445
1
0
0
0
0
0
0
0
0
0
0
0
0
0
0
0

ID=10105
10105
0
0
291
8
993000443
1
0
0
0
0
0
0
0
0
0
0
0
0
0
0
0

ID=20105
20105
1
0
291
8
993000446
1
0
0
0
0
0
0
0
0
0
0
0
0
0
0
0

ID=10106
10106
0
0
292
8
993000441
1
0
0
0
0
0
0
0
0
0
0
0
0
0
0
0

ID=20106
20106
1
0
292
8
993000444
1
0
0
0
0
0
0
0
0
0
0
0
0
0
0
0

ID=10107
10107
0
0
293
8
993000442
1
0
0
0
0
0
0
0
0
0
0
0
0
0
0
0

ID=20107
20107
1
0
293
8
993000445
1
0
0
0
0
0
0
0
0
0
0
0
0
0
0
0

ID=10108
10108
0
0
294
8
993000443
1
0
0
0
0
0
0
0
0
0
0
0
0
0
0
0

ID=20108
20108
1
0
294
8
993000446
1
0
0
0
0
0
0
0
0
0
0
0
0
0
0
0

ID=10109
10109
0
0
295
8
993000673
1
0
0
0
0
0
0
0
0
0
0
0
0
0
0
0

ID=20109
20109
1
0
295
8
993000676
1
0
0
0
0
0
0
0
0
0
0
0
0
0
0
0

ID=10110
10110
0
0
296
8
993000674
1
0
0
0
0
0
0
0
0
0
0
0
0
0
0
0

ID=20110
20110
1
0
296
8
993000677
1
0
0
0
0
0
0
0
0
0
0
0
0
0
0
0

ID=10111
10111
0
0
297
8
993000675
1
0
0
0
0
0
0
0
0
0
0
0
0
0
0
0

ID=20111
20111
1
0
297
8
993000678
1
0
0
0
0
0
0
0
0
0
0
0
0
0
0
0

ID=10112
10112
0
0
298
8
993000674
1
0
0
0
0
0
0
0
0
0
0
0
0
0
0
0

ID=20112
20112
1
0
298
8
993000677
1
0
0
0
0
0
0
0
0
0
0
0
0
0
0
0

ID=10113
10113
0
0
299
8
993000675
1
0
0
0
0
0
0
0
0
0
0
0
0
0
0
0

ID=20113
20113
1
0
299
8
993000678
1
0
0
0
0
0
0
0
0
0
0
0
0
0
0
0

ID=20114
20114
1
0
300
8
994000024
1
0
0
0
0
0
100
114
16
0
0
2
3.5
10
0
0

ID=20115
20115
1
0
301
8
994000025
1
0
0
0
0
0
44
50
32
16
0
1
200
1
-20
0

ID=10114
10114
0
0
300
8
994000023
1
0
0
0
0
0
44
34
64
0
0
3
6
2
0
0

ID=109380
109380
0
0
301
1
837400126
0
0
0
0
0
0
0
0
0
0
0
0
0
0
0
0

ID=209380
209380
1
0
302
1
837400127
0
0
0
0
0
0
0
0
0
0
0
0
0
0
0
0

ID=10116
10116
0
0
303
8
993000785
1
0
0
0
0
0
0
0
0
0
0
0
0
0
0
0

ID=10117
10117
0
0
304
8
993000786
1
0
0
0
0
0
0
0
0
0
0
0
0
0
0
0

ID=10118
10118
0
0
305
8
993000787
1
0
0
0
0
0
0
0
0
0
0
0
0
0
0
0

ID=20116
20116
1
0
303
8
993000788
1
0
0
0
0
0
0
0
0
0
0
0
0
0
0
0

ID=20117
20117
1
0
304
8
993000789
1
0
0
0
0
0
0
0
0
0
0
0
0
0
0
0

ID=20118
20118
1
0
305
8
993000790
1
0
0
0
0
0
0
0
0
0
0
0
0
0
0
0

ID=10119
10119
0
0
307
8
993000810
0
0
0
0
0
0
32
31
100
60
0
4
6
4
150
0

ID=20119
20119
1
0
307
8
993000811
0
0
0
0
0
0
32
34
41
100
60
5
-1.35
79.9
2
70

ID=10120
10120
0
0
306
8
993000812
0
0
0
0
0
0
34
16
133
44
104
9
-4.5
5
5
5

ID=20120
20120
1
0
306
8
993000813
0
0
0
0
0
0
34
16
141
44
110
8.55
-4.5
5
5
4.5

ID=10121
10121
0
0
308
8
837400128
0
0
0
0
0
0
0
0
0
0
0
0
0
0
0
0

ID=20121
20121
1
0
308
8
837400129
0
0
0
0
0
0
0
0
0
0
0
0
0
0
0
0

ID=10122
10122
0
0
309
8
837400130
0
0
0
0
0
0
0
0
0
0
0
0
0
0
0
0

ID=20122
20122
1
0
309
8
837400131
0
0
0
0
0
0
0
0
0
0
0
0
0
0
0
0

ID=10123
10123
0
0
310
8
993000873
0
0
0
0
0
0
0
0
0
0
0
0
0
0
0
0

ID=20123
20123
1
0
310
8
993000874
0
0
0
0
0
0
0
0
0
0
0
0
0
0
0
0

ID=100408
100408
0
8
4
3
99
0
0
0
0
0
0
23
0
0
0
0
4
0
0
0
0

ID=100608
100608
0
8
6
3
99
0
0
0
0
0
0
23
16
0
0
0
5
-1.5
0
0
0

ID=200208
200208
1
8
2
3
99
0
0
0
0
0
0
38
0
0
0
0
1.35
0
0
0
0

ID=200408
200408
1
8
4
3
99
0
0
0
0
0
0
38
0
0
0
0
1.35
0
0
0
0

ID=200808
200808
1
8
8
3
99
0
0
0
0
0
0
38
0
0
0
0
1.35
0
0
0
0

ID=100108
100108
0
8
1
3
99
0
0
0
0
0
0
16
0
0
0
0
2.25
0
0
0
0

ID=200108
200108
1
8
1
3
99
0
0
0
0
0
0
34
0
0
0
0
1.35
0
0
0
0

ID=10124
10124
0
0
311
8
993000958
0
0
0
0
0
0
0
0
0
0
0
0
0
0
0
0

ID=20124
20124
1
0
311
8
993000959
0
0
0
0
0
0
0
0
0
0
0
0
0
0
0
0

ID=20125
20125
1
0
312
8
993000960
0
0
0
0
0
0
0
0
0
0
0
0
0
0
0
0

ID=20126
20126
1
0
313
8
993000961
0
0
0
0
0
0
0
0
0
0
0
0
0
0
0
0

ID=20127
20127
1
0
314
8
993000962
0
0
0
0
0
0
0
0
0
0
0
0
0
0
0
0

ID=20128
20128
1
0
315
8
993000963
0
0
0
0
0
0
0
0
0
0
0
0
0
0
0
0

ID=20129
20129
1
0
316
8
993000964
0
0
0
0
0
0
0
0
0
0
0
0
0
0
0
0

ID=10130
10130
0
0
317
8
993000966
0
0
0
0
0
0
0
0
0
0
0
0
0
0
0
0

ID=20130
20130
1
0
317
8
993000969
0
0
0
0
0
0
0
0
0
0
0
0
0
0
0
0

ID=10131
10131
0
0
318
8
993000967
0
0
0
0
0
0
0
0
0
0
0
0
0
0
0
0

ID=20131
20131
1
0
318
8
993000970
0
0
0
0
0
0
0
0
0
0
0
0
0
0
0
0

ID=10132
10132
0
0
319
8
993000968
0
0
0
0
0
0
0
0
0
0
0
0
0
0
0
0

ID=20132
20132
1
0
319
8
993000971
0
0
0
0
0
0
0
0
0
0
0
0
0
0
0
0

ID=10133
10133
0
0
320
8
993000973
0
0
0
0
0
0
0
0
0
0
0
0
0
0
0
0

ID=20133
20133
1
0
320
8
993000976
0
0
0
0
0
0
0
0
0
0
0
0
0
0
0
0

ID=10134
10134
0
0
321
8
993000974
0
0
0
0
0
0
0
0
0
0
0
0
0
0
0
0

ID=20134
20134
1
0
321
8
993000977
0
0
0
0
0
0
0
0
0
0
0
0
0
0
0
0

ID=10135
10135
0
0
322
8
993000975
0
0
0
0
0
0
0
0
0
0
0
0
0
0
0
0

ID=20135
20135
1
0
322
8
993000978
0
0
0
0
0
0
0
0
0
0
0
0
0
0
0
0

ID=10136
10136
0
0
323
8
993000981
0
0
0
0
0
0
0
0
0
0
0
0
0
0
0
0

ID=20136
20136
1
0
323
8
993000982
0
0
0
0
0
0
0
0
0
0
0
0
0
0
0
0

ID=20137
20137
1
0
324
8
993000983
0
0
0
0
0
0
0
0
0
0
0
0
0
0
0
0

ID=20138
20138
1
0
325
8
993000984
0
0
0
0
0
0
0
0
0
0
0
0
0
0
0
0

ID=20139
20139
1
0
326
8
993000985
0
0
0
0
0
0
0
0
0
0
0
0
0
0
0
0

ID=20140
20140
1
0
327
8
993000986
0
0
0
0
0
0
0
0
0
0
0
0
0
0
0
0

ID=20141
20141
1
0
328
8
993000987
0
0
0
0
0
0
0
0
0
0
0
0
0
0
0
0

ID=108291
108291
0
8
188
3
99
0
0
0
0
0
0
32
113
15
64
0
2
4.5
1500
2
0

ID=208291
208291
1
8
188
3
99
0
0
0
0
0
0
64
100
113
16
38
2
2
5
3.75
-3

ID=10142
10142
0
0
324
8
993000998
0
0
0
0
0
0
0
0
0
0
0
0
0
0
0
0

ID=20142
20142
1
0
329
8
993000999
0
0
0
0
0
0
0
0
0
0
0
0
0
0
0
0

ID=10143
10143
0
0
330
8
0
0
0
0
0
0
0
0
0
0
0
0
0
0
0
0
0

ID=20143
20143
1
0
330
8
0
0
0
0
0
0
0
0
0
0
0
0
0
0
0
0
0

ID=10144
10144
0
0
331
8
0
0
0
0
0
0
0
0
0
0
0
0
0
0
0
0
0

ID=20144
20144
1
0
331
8
0
0
0
0
0
0
0
0
0
0
0
0
0
0
0
0
0

ID=10145
10145
0
0
332
8
0
0
0
0
0
0
0
0
0
0
0
0
0
0
0
0
0

ID=20145
20145
1
0
332
8
0
0
0
0
0
0
0
0
0
0
0
0
0
0
0
0
0

ID=10146
10146
0
0
333
8
0
0
0
0
0
0
0
0
0
0
0
0
0
0
0
0
0

ID=20146
20146
1
0
333
8
0
0
0
0
0
0
0
0
0
0
0
0
0
0
0
0
0

ID=10147
10147
0
0
334
8
993002044
0
0
0
0
0
0
0
0
0
0
0
0
0
0
0
0

ID=20147
20147
1
0
334
8
993002045
0
0
0
0
0
0
0
0
0
0
0
0
0
0
0
0

ID=10148
10148
0
0
335
8
993002046
0
0
0
0
0
0
0
0
0
0
0
0
0
0
0
0

ID=20148
20148
1
0
335
8
993002047
0
0
0
0
0
0
0
0
0
0
0
0
0
0
0
0

ID=10149
10149
0
0
336
8
993002048
0
0
0
0
0
0
0
0
0
0
0
0
0
0
0
0

ID=20149
20149
1
0
336
8
993002049
0
0
0
0
0
0
0
0
0
0
0
0
0
0
0
0

ID=10150
10150
0
0
337
8
993002107
0
0
0
0
0
0
0
0
0
0
0
0
0
0
0
0

ID=20150
20150
1
0
337
8
993002108
0
0
0
0
0
0
0
0
0
0
0
0
0
0
0
0

ID=10152
10152
0
0
340
8
993002203
0
0
0
0
0
0
0
0
0
0
0
0
0
0
0
0

ID=10153
10153
0
0
341
8
993002205
0
0
0
0
0
0
0
0
0
0
0
0
0
0
0
0

ID=20152
20152
1
0
340
8
993002204
0
0
0
0
0
0
0
0
0
0
0
0
0
0
0
0

ID=20153
20153
1
0
341
8
993002206
0
0
0
0
0
0
0
0
0
0
0
0
0
0
0
0

ID=10154
10154
0
0
342
8
837400134
0
0
0
0
0
0
32
50
60
104
0
5
550
100
3
0

ID=20154
20154
1
0
342
8
837400135
0
0
0
0
0
0
41
100
23
110
0
100
2
5
3
0

ID=10155
10155
0
0
343
8
837400136
0
0
0
0
0
0
0
0
0
0
0
0
0
0
0
0

ID=20155
20155
1
0
343
8
837400137
0
0
0
0
0
0
0
0
0
0
0
0
0
0
0
0

ID=10160
10160
0
0
344
8
837400143
0
0
0
0
0
0
0
0
0
0
0
0
0
0
0
0

ID=20160
20160
1
0
344
8
837400144
0
0
0
0
0
0
0
0
0
0
0
0
0
0
0
0

ID=10156
10156
0
0
344
8
993002479
0
0
0
0
0
0
0
0
0
0
0
0
0
0
0
0

ID=20156
20156
1
0
344
8
993002480
0
0
0
0
0
0
0
0
0
0
0
0
0
0
0
0

ID=10157
10157
0
0
345
8
993002481
0
0
0
0
0
0
0
0
0
0
0
0
0
0
0
0

ID=20157
20157
1
0
345
8
993002482
0
0
0
0
0
0
0
0
0
0
0
0
0
0
0
0

ID=10161
10161
0
0
346
8
993002492
0
0
0
0
0
0
0
0
0
0
0
0
0
0
0
0

ID=10162
10162
0
0
347
8
993002493
0
0
0
0
0
0
0
0
0
0
0
0
0
0
0
0

ID=10163
10163
0
0
348
8
993002494
0
0
0
0
0
0
0
0
0
0
0
0
0
0
0
0

ID=10164
10164
0
0
349
8
993002495
0
0
0
0
0
0
0
0
0
0
0
0
0
0
0
0

ID=10165
10165
0
0
350
8
993002496
0
0
0
0
0
0
0
0
0
0
0
0
0
0
0
0

ID=10166
10166
0
0
351
8
993002497
0
0
0
0
0
0
0
0
0
0
0
0
0
0
0
0

ID=10167
10167
0
0
352
8
993002498
0
0
0
0
0
0
0
0
0
0
0
0
0
0
0
0

ID=10168
10168
0
0
353
8
993002499
0
0
0
0
0
0
0
0
0
0
0
0
0
0
0
0

ID=10169
10169
0
0
354
8
993002500
0
0
0
0
0
0
0
0
0
0
0
0
0
0
0
0

ID=10170
10170
0
0
355
8
993002501
0
0
0
0
0
0
0
0
0
0
0
0
0
0
0
0

ID=10171
10171
0
0
356
8
993002502
0
0
0
0
0
0
0
0
0
0
0
0
0
0
0
0

ID=10172
10172
0
0
357
8
993002503
0
0
0
0
0
0
0
0
0
0
0
0
0
0
0
0

ID=10173
10173
0
0
358
8
993002504
0
0
0
0
0
0
0
0
0
0
0
0
0
0
0
0

ID=10174
10174
0
0
359
8
993002505
0
0
0
0
0
0
0
0
0
0
0
0
0
0
0
0

ID=10175
10175
0
0
360
8
993002506
0
0
0
0
0
0
0
0
0
0
0
0
0
0
0
0

ID=10176
10176
0
0
361
8
993002507
0
0
0
0
0
0
0
0
0
0
0
0
0
0
0
0

ID=10177
10177
0
0
362
8
993002508
0
0
0
0
0
0
0
0
0
0
0
0
0
0
0
0

ID=10178
10178
0
0
363
8
993002509
0
0
0
0
0
0
0
0
0
0
0
0
0
0
0
0

ID=10179
10179
0
0
364
8
993002510
0
0
0
0
0
0
0
0
0
0
0
0
0
0
0
0

ID=10180
10180
0
0
365
8
993002511
0
0
0
0
0
0
0
0
0
0
0
0
0
0
0
0

ID=10181
10181
0
0
366
8
993002512
0
0
0
0
0
0
0
0
0
0
0
0
0
0
0
0

ID=10182
10182
0
0
367
8
993002513
0
0
0
0
0
0
0
0
0
0
0
0
0
0
0
0

ID=10183
10183
0
0
368
8
993002514
0
0
0
0
0
0
0
0
0
0
0
0
0
0
0
0

ID=10184
10184
0
0
369
8
993002515
0
0
0
0
0
0
0
0
0
0
0
0
0
0
0
0

ID=10185
10185
0
0
370
8
993002516
0
0
0
0
0
0
0
0
0
0
0
0
0
0
0
0

ID=10186
10186
0
0
371
8
993002517
0
0
0
0
0
0
0
0
0
0
0
0
0
0
0
0

ID=10187
10187
0
0
372
8
993002518
0
0
0
0
0
0
0
0
0
0
0
0
0
0
0
0

ID=10188
10188
0
0
373
8
993002519
0
0
0
0
0
0
0
0
0
0
0
0
0
0
0
0

ID=10189
10189
0
0
374
8
993002520
0
0
0
0
0
0
0
0
0
0
0
0
0
0
0
0

ID=10190
10190
0
0
375
8
993002521
0
0
0
0
0
0
0
0
0
0
0
0
0
0
0
0

ID=10191
10191
0
0
376
8
993002522
0
0
0
0
0
0
0
0
0
0
0
0
0
0
0
0

ID=10192
10192
0
0
377
8
993002523
0
0
0
0
0
0
0
0
0
0
0
0
0
0
0
0

ID=10193
10193
0
0
378
8
993002524
0
0
0
0
0
0
0
0
0
0
0
0
0
0
0
0

ID=10194
10194
0
0
379
8
993002525
0
0
0
0
0
0
0
0
0
0
0
0
0
0
0
0

ID=10195
10195
0
0
380
8
993002526
0
0
0
0
0
0
0
0
0
0
0
0
0
0
0
0

ID=10196
10196
0
0
381
8
993002527
0
0
0
0
0
0
0
0
0
0
0
0
0
0
0
0

ID=10197
10197
0
0
382
8
993002528
0
0
0
0
0
0
0
0
0
0
0
0
0
0
0
0

ID=10198
10198
0
0
383
8
993002529
0
0
0
0
0
0
0
0
0
0
0
0
0
0
0
0

ID=10199
10199
0
0
384
8
993002530
0
0
0
0
0
0
0
0
0
0
0
0
0
0
0
0

ID=10200
10200
0
0
385
8
993002531
0
0
0
0
0
0
0
0
0
0
0
0
0
0
0
0

ID=10201
10201
0
0
386
8
993002532
0
0
0
0
0
0
0
0
0
0
0
0
0
0
0
0

ID=10202
10202
0
0
387
8
993002533
0
0
0
0
0
0
0
0
0
0
0
0
0
0
0
0

ID=10203
10203
0
0
388
8
993002534
0
0
0
0
0
0
0
0
0
0
0
0
0
0
0
0

ID=10204
10204
0
0
389
8
993002535
0
0
0
0
0
0
0
0
0
0
0
0
0
0
0
0

ID=10205
10205
0
0
390
8
993002536
0
0
0
0
0
0
0
0
0
0
0
0
0
0
0
0

ID=10206
10206
0
0
391
8
993002537
0
0
0
0
0
0
0
0
0
0
0
0
0
0
0
0

ID=10207
10207
0
0
392
8
993002538
0
0
0
0
0
0
0
0
0
0
0
0
0
0
0
0

ID=10208
10208
0
0
393
8
993002539
0
0
0
0
0
0
0
0
0
0
0
0
0
0
0
0

ID=10209
10209
0
0
394
8
993002540
0
0
0
0
0
0
0
0
0
0
0
0
0
0
0
0

ID=10210
10210
0
0
395
8
993002541
0
0
0
0
0
0
0
0
0
0
0
0
0
0
0
0

ID=10211
10211
0
0
396
8
993002542
0
0
0
0
0
0
0
0
0
0
0
0
0
0
0
0

ID=10212
10212
0
0
397
8
993002543
0
0
0
0
0
0
0
0
0
0
0
0
0
0
0
0

ID=10213
10213
0
0
398
8
993002544
0
0
0
0
0
0
0
0
0
0
0
0
0
0
0
0

ID=10214
10214
0
0
399
8
993002545
0
0
0
0
0
0
0
0
0
0
0
0
0
0
0
0

ID=10215
10215
0
0
400
8
993002546
0
0
0
0
0
0
0
0
0
0
0
0
0
0
0
0

ID=10216
10216
0
0
401
8
993002547
0
0
0
0
0
0
0
0
0
0
0
0
0
0
0
0

ID=10217
10217
0
0
402
8
993002548
0
0
0
0
0
0
0
0
0
0
0
0
0
0
0
0

ID=10218
10218
0
0
403
8
993002549
0
0
0
0
0
0
0
0
0
0
0
0
0
0
0
0

ID=10219
10219
0
0
404
8
993002550
0
0
0
0
0
0
0
0
0
0
0
0
0
0
0
0

ID=10220
10220
0
0
405
8
993002551
0
0
0
0
0
0
0
0
0
0
0
0
0
0
0
0

ID=10221
10221
0
0
406
8
993002552
0
0
0
0
0
0
0
0
0
0
0
0
0
0
0
0

ID=10222
10222
0
0
407
8
993002553
0
0
0
0
0
0
0
0
0
0
0
0
0
0
0
0

ID=10223
10223
0
0
408
8
993002554
0
0
0
0
0
0
0
0
0
0
0
0
0
0
0
0

ID=10224
10224
0
0
409
8
993002555
0
0
0
0
0
0
0
0
0
0
0
0
0
0
0
0

ID=10225
10225
0
0
410
8
993002556
0
0
0
0
0
0
0
0
0
0
0
0
0
0
0
0

ID=10226
10226
0
0
411
8
993002557
0
0
0
0
0
0
0
0
0
0
0
0
0
0
0
0

ID=10227
10227
0
0
412
8
993002558
0
0
0
0
0
0
0
0
0
0
0
0
0
0
0
0

ID=10228
10228
0
0
413
8
993002559
0
0
0
0
0
0
0
0
0
0
0
0
0
0
0
0

ID=10229
10229
0
0
414
8
993002560
0
0
0
0
0
0
0
0
0
0
0
0
0
0
0
0

ID=10230
10230
0
0
415
8
993002561
0
0
0
0
0
0
0
0
0
0
0
0
0
0
0
0

ID=10231
10231
0
0
416
8
993002562
0
0
0
0
0
0
0
0
0
0
0
0
0
0
0
0

ID=10232
10232
0
0
417
8
993002563
0
0
0
0
0
0
0
0
0
0
0
0
0
0
0
0

ID=10233
10233
0
0
418
8
993002564
0
0
0
0
0
0
0
0
0
0
0
0
0
0
0
0

ID=10234
10234
0
0
419
8
993002565
0
0
0
0
0
0
0
0
0
0
0
0
0
0
0
0

ID=10235
10235
0
0
420
8
993002566
0
0
0
0
0
0
0
0
0
0
0
0
0
0
0
0

ID=10236
10236
0
0
421
8
993002567
0
0
0
0
0
0
0
0
0
0
0
0
0
0
0
0

ID=10237
10237
0
0
422
8
993002568
0
0
0
0
0
0
0
0
0
0
0
0
0
0
0
0

ID=10238
10238
0
0
423
8
993002569
0
0
0
0
0
0
0
0
0
0
0
0
0
0
0
0

ID=10239
10239
0
0
424
8
993002570
0
0
0
0
0
0
0
0
0
0
0
0
0
0
0
0

ID=10240
10240
0
0
425
8
993002571
0
0
0
0
0
0
0
0
0
0
0
0
0
0
0
0

ID=10241
10241
0
0
426
8
993002572
0
0
0
0
0
0
0
0
0
0
0
0
0
0
0
0

ID=10242
10242
0
0
427
8
993002573
0
0
0
0
0
0
0
0
0
0
0
0
0
0
0
0

ID=10243
10243
0
0
428
8
993002574
0
0
0
0
0
0
0
0
0
0
0
0
0
0
0
0

ID=10244
10244
0
0
429
8
993002575
0
0
0
0
0
0
0
0
0
0
0
0
0
0
0
0

ID=10245
10245
0
0
430
8
993002576
0
0
0
0
0
0
0
0
0
0
0
0
0
0
0
0

ID=10246
10246
0
0
431
8
993002577
0
0
0
0
0
0
0
0
0
0
0
0
0
0
0
0

ID=10247
10247
0
0
432
8
993002578
0
0
0
0
0
0
0
0
0
0
0
0
0
0
0
0

ID=10248
10248
0
0
433
8
993002579
0
0
0
0
0
0
0
0
0
0
0
0
0
0
0
0

ID=10249
10249
0
0
434
8
993002580
0
0
0
0
0
0
0
0
0
0
0
0
0
0
0
0

ID=10250
10250
0
0
435
8
993002581
0
0
0
0
0
0
0
0
0
0
0
0
0
0
0
0

ID=10251
10251
0
0
436
8
993002582
0
0
0
0
0
0
0
0
0
0
0
0
0
0
0
0

ID=10252
10252
0
0
437
8
993002583
0
0
0
0
0
0
0
0
0
0
0
0
0
0
0
0

ID=10253
10253
0
0
438
8
993002584
0
0
0
0
0
0
0
0
0
0
0
0
0
0
0
0

ID=10254
10254
0
0
439
8
993002585
0
0
0
0
0
0
0
0
0
0
0
0
0
0
0
0

ID=10255
10255
0
0
440
8
993002586
0
0
0
0
0
0
0
0
0
0
0
0
0
0
0
0

ID=10256
10256
0
0
441
8
993002587
0
0
0
0
0
0
0
0
0
0
0
0
0
0
0
0

ID=20161
20161
1
0
346
8
993002588
0
0
0
0
0
0
0
0
0
0
0
0
0
0
0
0

ID=20162
20162
1
0
347
8
993002589
0
0
0
0
0
0
0
0
0
0
0
0
0
0
0
0

ID=20163
20163
1
0
348
8
993002590
0
0
0
0
0
0
0
0
0
0
0
0
0
0
0
0

ID=20164
20164
1
0
349
8
993002591
0
0
0
0
0
0
0
0
0
0
0
0
0
0
0
0

ID=20165
20165
1
0
350
8
993002592
0
0
0
0
0
0
0
0
0
0
0
0
0
0
0
0

ID=20166
20166
1
0
351
8
993002593
0
0
0
0
0
0
0
0
0
0
0
0
0
0
0
0

ID=20167
20167
1
0
352
8
993002594
0
0
0
0
0
0
0
0
0
0
0
0
0
0
0
0

ID=20168
20168
1
0
353
8
993002595
0
0
0
0
0
0
0
0
0
0
0
0
0
0
0
0

ID=20169
20169
1
0
354
8
993002596
0
0
0
0
0
0
0
0
0
0
0
0
0
0
0
0

ID=20170
20170
1
0
355
8
993002597
0
0
0
0
0
0
0
0
0
0
0
0
0
0
0
0

ID=20171
20171
1
0
356
8
993002598
0
0
0
0
0
0
0
0
0
0
0
0
0
0
0
0

ID=20172
20172
1
0
357
8
993002599
0
0
0
0
0
0
0
0
0
0
0
0
0
0
0
0

ID=20173
20173
1
0
358
8
993002600
0
0
0
0
0
0
0
0
0
0
0
0
0
0
0
0

ID=20174
20174
1
0
359
8
993002601
0
0
0
0
0
0
0
0
0
0
0
0
0
0
0
0

ID=20175
20175
1
0
360
8
993002602
0
0
0
0
0
0
0
0
0
0
0
0
0
0
0
0

ID=20176
20176
1
0
361
8
993002603
0
0
0
0
0
0
0
0
0
0
0
0
0
0
0
0

ID=20177
20177
1
0
362
8
993002604
0
0
0
0
0
0
0
0
0
0
0
0
0
0
0
0

ID=20178
20178
1
0
363
8
993002605
0
0
0
0
0
0
0
0
0
0
0
0
0
0
0
0

ID=20179
20179
1
0
364
8
993002606
0
0
0
0
0
0
0
0
0
0
0
0
0
0
0
0

ID=20180
20180
1
0
365
8
993002607
0
0
0
0
0
0
0
0
0
0
0
0
0
0
0
0

ID=20181
20181
1
0
366
8
993002608
0
0
0
0
0
0
0
0
0
0
0
0
0
0
0
0

ID=20182
20182
1
0
367
8
993002609
0
0
0
0
0
0
0
0
0
0
0
0
0
0
0
0

ID=20183
20183
1
0
368
8
993002610
0
0
0
0
0
0
0
0
0
0
0
0
0
0
0
0

ID=20184
20184
1
0
369
8
993002611
0
0
0
0
0
0
0
0
0
0
0
0
0
0
0
0

ID=20185
20185
1
0
370
8
993002612
0
0
0
0
0
0
0
0
0
0
0
0
0
0
0
0

ID=20186
20186
1
0
371
8
993002613
0
0
0
0
0
0
0
0
0
0
0
0
0
0
0
0

ID=20187
20187
1
0
372
8
993002614
0
0
0
0
0
0
0
0
0
0
0
0
0
0
0
0

ID=20188
20188
1
0
373
8
993002615
0
0
0
0
0
0
0
0
0
0
0
0
0
0
0
0

ID=20189
20189
1
0
374
8
993002616
0
0
0
0
0
0
0
0
0
0
0
0
0
0
0
0

ID=20190
20190
1
0
375
8
993002617
0
0
0
0
0
0
0
0
0
0
0
0
0
0
0
0

ID=20191
20191
1
0
376
8
993002618
0
0
0
0
0
0
0
0
0
0
0
0
0
0
0
0

ID=20192
20192
1
0
377
8
993002619
0
0
0
0
0
0
0
0
0
0
0
0
0
0
0
0

ID=20193
20193
1
0
378
8
993002620
0
0
0
0
0
0
0
0
0
0
0
0
0
0
0
0

ID=20194
20194
1
0
379
8
993002621
0
0
0
0
0
0
0
0
0
0
0
0
0
0
0
0

ID=20195
20195
1
0
380
8
993002622
0
0
0
0
0
0
0
0
0
0
0
0
0
0
0
0

ID=20196
20196
1
0
381
8
993002623
0
0
0
0
0
0
0
0
0
0
0
0
0
0
0
0

ID=20197
20197
1
0
382
8
993002624
0
0
0
0
0
0
0
0
0
0
0
0
0
0
0
0

ID=20198
20198
1
0
383
8
993002625
0
0
0
0
0
0
0
0
0
0
0
0
0
0
0
0

ID=20199
20199
1
0
384
8
993002626
0
0
0
0
0
0
0
0
0
0
0
0
0
0
0
0

ID=20200
20200
1
0
385
8
993002627
0
0
0
0
0
0
0
0
0
0
0
0
0
0
0
0

ID=20201
20201
1
0
386
8
993002628
0
0
0
0
0
0
0
0
0
0
0
0
0
0
0
0

ID=20202
20202
1
0
387
8
993002629
0
0
0
0
0
0
0
0
0
0
0
0
0
0
0
0

ID=20203
20203
1
0
388
8
993002630
0
0
0
0
0
0
0
0
0
0
0
0
0
0
0
0

ID=20204
20204
1
0
389
8
993002631
0
0
0
0
0
0
0
0
0
0
0
0
0
0
0
0

ID=20205
20205
1
0
390
8
993002632
0
0
0
0
0
0
0
0
0
0
0
0
0
0
0
0

ID=20206
20206
1
0
391
8
993002633
0
0
0
0
0
0
0
0
0
0
0
0
0
0
0
0

ID=20207
20207
1
0
392
8
993002634
0
0
0
0
0
0
0
0
0
0
0
0
0
0
0
0

ID=20208
20208
1
0
393
8
993002635
0
0
0
0
0
0
0
0
0
0
0
0
0
0
0
0

ID=20209
20209
1
0
394
8
993002636
0
0
0
0
0
0
0
0
0
0
0
0
0
0
0
0

ID=20210
20210
1
0
395
8
993002637
0
0
0
0
0
0
0
0
0
0
0
0
0
0
0
0

ID=10257
10257
0
0
442
8
993002640
0
0
0
0
0
0
0
0
0
0
0
0
0
0
0
0

ID=10258
10258
0
0
443
8
993002641
0
0
0
0
0
0
0
0
0
0
0
0
0
0
0
0

ID=10259
10259
0
0
444
8
993002642
0
0
0
0
0
0
0
0
0
0
0
0
0
0
0
0

ID=20257
20257
1
0
442
8
993002643
0
0
0
0
0
0
0
0
0
0
0
0
0
0
0
0

ID=20258
20258
1
0
443
8
993002644
0
0
0
0
0
0
0
0
0
0
0
0
0
0
0
0

ID=20259
20259
1
0
444
8
993002645
0
0
0
0
0
0
0
0
0
0
0
0
0
0
0
0

ID=10260
10260
0
0
445
8
906044031
0
0
0
0
0
0
0
0
0
0
0
0
0
0
0
0

ID=20260
20260
1
0
445
8
906044032
0
0
0
0
0
0
0
0
0
0
0
0
0
0
0
0

ID=10261
10261
0
0
446
8
906045033
0
0
0
0
0
0
0
0
0
0
0
0
0
0
0
0

ID=20261
20261
1
0
446
8
906045034
0
0
0
0
0
0
0
0
0
0
0
0
0
0
0
0

ID=10262
10262
0
0
447
8
993002686
0
0
0
0
0
0
0
0
0
0
0
0
0
0
0
0

ID=20262
20262
1
0
447
8
993002687
0
0
0
0
0
0
0
0
0
0
0
0
0
0
0
0

ID=10263
10263
0
0
448
8
906046006
0
0
0
0
0
0
0
0
0
0
0
0
0
0
0
0

ID=20263
20263
1
0
448
8
906046007
0
0
0
0
0
0
0
0
0
0
0
0
0
0
0
0

ID=10264
10264
0
0
449
8
906047023
0
0
0
0
0
0
0
0
0
0
0
0
0
0
0
0

ID=20264
20264
1
0
449
8
906047024
0
0
0
0
0
0
0
0
0
0
0
0
0
0
0
0

ID=10265
10265
0
0
450
8
906047028
0
0
0
0
0
0
0
0
0
0
0
0
0
0
0
0

ID=20265
20265
1
0
450
8
906047029
0
0
0
0
0
0
0
0
0
0
0
0
0
0
0
0

ID=100109
100109
0
0
311
3
99
0
0
0
0
0
0
16
0
0
0
0
2.25
0
0
0
0

ID=200109
200109
1
0
311
3
99
0
0
0
0
0
0
34
0
0
0
0
1.35
0
0
0
0

ID=100209
100209
0
0
312
3
99
0
0
0
0
0
0
23
0
0
0
0
4
0
0
0
0

ID=200209
200209
1
0
312
3
99
0
0
0
0
0
0
38
0
0
0
0
1.35
0
0
0
0

ID=100309
100309
0
0
313
3
99
0
0
0
0
0
0
32
113
15
64
0
2
4.5
1500
2
0

ID=200309
200309
1
0
313
3
99
0
0
0
0
0
0
64
100
113
16
38
2
2
5
3.75
-3

ID=100409
100409
0
0
314
8
837400148
0
0
0
0
0
0
0
0
0
0
0
0
0
0
0
0

ID=200409
200409
1
0
314
8
837400149
0
0
0
0
0
0
0
0
0
0
0
0
0
0
0
0

ID=100509
100509
0
0
315
3
99
0
0
0
0
0
0
15
121
0
0
0
2200
50
0
0
0

ID=200509
200509
1
0
315
3
99
0
0
0
0
0
0
38
109
110
0
0
4
5
5
0
0

ID=10266
10266
0
0
451
8
906047031
0
0
0
0
0
0
0
0
0
0
0
0
0
0
0
0

ID=20266
20266
1
0
451
8
906047032
0
0
0
0
0
0
0
0
0
0
0
0
0
0
0
0

ID=10267
10267
0
0
452
8
906047033
0
0
0
0
0
0
0
0
0
0
0
0
0
0
0
0

ID=20267
20267
1
0
452
8
906047034
0
0
0
0
0
0
0
0
0
0
0
0
0
0
0
0

ID=10268
10268
0
0
453
8
906047035
0
0
0
0
0
0
0
0
0
0
0
0
0
0
0
0

ID=20268
20268
1
0
453
8
906047036
0
0
0
0
0
0
0
0
0
0
0
0
0
0
0
0

ID=10269
10269
0
0
454
8
906047037
0
0
0
0
0
0
0
0
0
0
0
0
0
0
0
0

ID=20269
20269
1
0
454
8
906047038
0
0
0
0
0
0
0
0
0
0
0
0
0
0
0
0

ID=10270
10270
0
0
455
8
906047039
0
0
0
0
0
0
0
0
0
0
0
0
0
0
0
0

ID=20270
20270
1
0
455
8
906047040
0
0
0
0
0
0
0
0
0
0
0
0
0
0
0
0

ID=10271
10271
0
0
456
8
906047041
0
0
0
0
0
0
0
0
0
0
0
0
0
0
0
0

ID=20271
20271
1
0
456
8
906047042
0
0
0
0
0
0
0
0
0
0
0
0
0
0
0
0

ID=10272
10272
0
0
457
8
906047043
0
0
0
0
0
0
0
0
0
0
0
0
0
0
0
0

ID=20272
20272
1
0
457
8
906047044
0
0
0
0
0
0
0
0
0
0
0
0
0
0
0
0

ID=10273
10273
0
0
458
8
906047045
0
0
0
0
0
0
0
0
0
0
0
0
0
0
0
0

ID=20273
20273
1
0
458
8
906047046
0
0
0
0
0
0
0
0
0
0
0
0
0
0
0
0

ID=10274
10274
0
0
459
8
906047047
0
0
0
0
0
0
0
0
0
0
0
0
0
0
0
0

ID=20274
20274
1
0
459
8
906047048
0
0
0
0
0
0
0
0
0
0
0
0
0
0
0
0

ID=10275
10275
0
0
460
8
906049005
0
0
0
0
0
0
0
0
0
0
0
0
0
0
0
0

ID=20275
20275
1
0
460
8
906049006
0
0
0
0
0
0
0
0
0
0
0
0
0
0
0
0


